Accuracy: 0.9754108604636631
Precision: 0.9219124976924497
Recall: 0.8885593974260126
F1 score: 0.904929

Accuracy: 0.9721503298946524
Precision: 0.9132697311361665
Recall: 0.8719293403256969
F1 score: 0.892121

Accuracy: 0.9723700517605891
Precision: 0.9061498105508599
Recall: 0.8770098730606488
F1 score: 0.891342

