Accuracy: 0.9894472911329126
Precision: 0.962020008386749
Recall: 0.9572603719599427
F1 score: 0.959634

Accuracy: 0.9856377355739437
Precision: 0.9484507814642171
Recall: 0.9437926330150068
F1 score: 0.946116

Accuracy: 0.9850550411897645
Precision: 0.9465992130410343
Recall: 0.9386845039018952
F1 score: 0.942625

