Accuracy: 0.9975020444576611
Precision: 0.9864708793928395
Recall: 0.9858202802967848
F1 score: 0.986145

Accuracy: 0.995281382277427
Precision: 0.9737261146496815
Recall: 0.9721780604133545
F1 score: 0.972951

Accuracy: 0.9950041631973355
Precision: 0.9707740916271722
Recall: 0.9723101265822784
F1 score: 0.971542

