Accuracy: 0.9596116504854368
Precision: 0.9186376537369915
Recall: 0.5831831831831832
F1 score: 0.713446

Accuracy: 0.9543312794490757
Precision: 0.9024943310657596
Recall: 0.5429740791268759
F1 score: 0.678024

Accuracy: 0.9510692279811526
Precision: 0.8989473684210526
Recall: 0.5446428571428571
F1 score: 0.678316

