Accuracy: 0.9660064724919094
Precision: 0.9555167902311382
Recall: 0.6440329218106996
F1 score: 0.769447

Accuracy: 0.9639966171318111
Precision: 0.9186295503211992
Recall: 0.6226415094339622
F1 score: 0.742215

Accuracy: 0.9586806814063066
Precision: 0.9190283400809717
Recall: 0.6005291005291006
F1 score: 0.726400

