Accuracy: 0.9652297734627832
Precision: 0.9353595890410958
Recall: 0.6470239857862008
F1 score: 0.764922

Accuracy: 0.9598888486166486
Precision: 0.9161554192229039
Recall: 0.6062246278755075
F1 score: 0.729642

Accuracy: 0.9604929322218195
Precision: 0.9297872340425531
Recall: 0.5978112175102599
F1 score: 0.727727

