Accuracy: 0.9953014645751245
Precision: 0.9662050774810419
Recall: 0.9814132618888145
F1 score: 0.973750

Accuracy: 0.9925057247935605
Precision: 0.958041958041958
Recall: 0.958041958041958
F1 score: 0.958042

Accuracy: 0.992089925062448
Precision: 0.9543413173652695
Recall: 0.9600903614457831
F1 score: 0.957207

