Accuracy: 0.9977994201174634
Precision: 0.9832677165354331
Recall: 0.9923841059602649
F1 score: 0.987805

Accuracy: 0.9943099021580737
Precision: 0.9575757575757575
Recall: 0.9798449612403101
F1 score: 0.968582

Accuracy: 0.9944490702192618
Precision: 0.9579766536964981
Recall: 0.979315831344471
F1 score: 0.968529

