Accuracy: 0.9928629841647462
Precision: 0.9398889770023791
Recall: 0.9832420773187324
F1 score: 0.961077

Accuracy: 0.989521892998404
Precision: 0.9114470842332614
Recall: 0.9783616692426584
F1 score: 0.943720

Accuracy: 0.9891756869275604
Precision: 0.9117210682492581
Recall: 0.9707740916271722
F1 score: 0.940321

