Accuracy: 0.9942011746338563
Precision: 0.9752416482957436
Recall: 0.9592994161801501
F1 score: 0.967205

Accuracy: 0.9914648532371105
Precision: 0.9616270145817345
Recall: 0.944947209653092
F1 score: 0.953214

Accuracy: 0.9902164862614488
Precision: 0.9652605459057072
Recall: 0.9218009478672986
F1 score: 0.943030

