Accuracy: 0.9937105047951825
Precision: 0.9435623329665147
Recall: 0.9894493900428618
F1 score: 0.965961

Accuracy: 0.9916730275484005
Precision: 0.9250374812593704
Recall: 0.9840510366826156
F1 score: 0.953632

Accuracy: 0.990563419372745
Precision: 0.9155033063923586
Recall: 0.9834254143646409
F1 score: 0.948250

