Accuracy: 0.996550442346294
Precision: 0.9802664035520473
Recall: 0.9815577144739008
F1 score: 0.980912

Accuracy: 0.9942405107209771
Precision: 0.9683441558441559
Recall: 0.9644300727566694
F1 score: 0.966383

Accuracy: 0.9936858173744102
Precision: 0.9721337579617835
Recall: 0.9561472200469852
F1 score: 0.964074

