Accuracy: 0.9975912571556018
Precision: 0.9838310509816862
Recall: 0.989381118300979
F1 score: 0.986598

Accuracy: 0.9947956422177503
Precision: 0.9682539682539683
Recall: 0.9721115537848606
F1 score: 0.970179

Accuracy: 0.9946572300860395
Precision: 0.9630467571644042
Recall: 0.978544061302682
F1 score: 0.970734

