Accuracy: 0.989681064604862
Precision: 0.9852270654751049
Recall: 0.8980881130507066
F1 score: 0.939642

Accuracy: 0.9887585871903407
Precision: 0.982367758186398
Recall: 0.8924485125858124
F1 score: 0.935252

Accuracy: 0.9859145156813767
Precision: 0.9698046181172292
Recall: 0.865979381443299
F1 score: 0.914956

