Accuracy: 0.9977994201174634
Precision: 0.9857811977249916
Recall: 0.9894224311618536
F1 score: 0.987598

Accuracy: 0.994448685032267
Precision: 0.9657012195121951
Recall: 0.9731182795698925
F1 score: 0.969396

Accuracy: 0.9950735498195947
Precision: 0.9715142428785607
Recall: 0.9751693002257337
F1 score: 0.973338

