Accuracy: 0.9938889301910638
Precision: 0.948742591702707
Recall: 0.9848686398403724
F1 score: 0.966468

Accuracy: 0.9916036361113039
Precision: 0.9304538799414348
Recall: 0.9799537393986122
F1 score: 0.954563

Accuracy: 0.9918123785734111
Precision: 0.9308035714285714
Recall: 0.9804075235109718
F1 score: 0.954962

