Accuracy: 0.9930860159095978
Precision: 0.9506232799093411
Recall: 0.9734748010610079
F1 score: 0.961913

Accuracy: 0.9911178960516273
Precision: 0.9368745188606621
Recall: 0.9635787806809184
F1 score: 0.950039

Accuracy: 0.9916736053288926
Precision: 0.9406015037593985
Recall: 0.968266253869969
F1 score: 0.954233

