Accuracy: 0.9932793100884693
Precision: 0.9463681752295056
Recall: 0.9801501251042536
F1 score: 0.962963

Accuracy: 0.9913260703629172
Precision: 0.9334811529933481
Recall: 0.9730354391371341
F1 score: 0.952848

Accuracy: 0.9901470996391896
Precision: 0.9266666666666666
Recall: 0.9667697063369397
F1 score: 0.946293

