Accuracy: 0.9977845513344733
Precision: 0.984297520661157
Recall: 0.9910134797803295
F1 score: 0.987644

Accuracy: 0.994656859343557
Precision: 0.9643652561247216
Recall: 0.9781626506024096
F1 score: 0.971215

Accuracy: 0.9949347765750763
Precision: 0.963021243115657
Recall: 0.9792
F1 score: 0.971043

