Accuracy: 0.9981860084752063
Precision: 0.986
Recall: 0.9936177359758146
F1 score: 0.989794

Accuracy: 0.9947956422177503
Precision: 0.9725818735719726
Recall: 0.9703647416413373
F1 score: 0.971472

Accuracy: 0.9963225090202609
Precision: 0.9766214177978884
Recall: 0.9832953682611997
F1 score: 0.979947

