Accuracy: 0.9981711396922162
Precision: 0.9890601690701144
Recall: 0.9905378486055777
F1 score: 0.989798

Accuracy: 0.9945180764693636
Precision: 0.9647435897435898
Recall: 0.9717514124293786
F1 score: 0.968235

Accuracy: 0.9959755759089648
Precision: 0.9716840536512668
Recall: 0.9848942598187311
F1 score: 0.978245

