Accuracy: 0.9976358635045721
Precision: 0.9843441001977588
Recall: 0.9893987079675336
F1 score: 0.986865

Accuracy: 0.9953507737145236
Precision: 0.9699367088607594
Recall: 0.9768924302788845
F1 score: 0.973402

Accuracy: 0.9956980294199278
Precision: 0.9775367931835787
Recall: 0.9745173745173745
F1 score: 0.976025

