Accuracy: 0.9971898000148688
Precision: 0.982429718875502
Recall: 0.9858942065491184
F1 score: 0.984159

Accuracy: 0.9951425994032337
Precision: 0.9735876742479824
Recall: 0.9750183688464364
F1 score: 0.974302

Accuracy: 0.9950041631973355
Precision: 0.9709347996857817
Recall: 0.9724626278520849
F1 score: 0.971698

