Accuracy: 0.9919708571853394
Precision: 0.938821268417681
Recall: 0.9737541528239203
F1 score: 0.955969

Accuracy: 0.9909097217403372
Precision: 0.9355083459787557
Recall: 0.9640344018764659
F1 score: 0.949557

Accuracy: 0.9884124340827088
Precision: 0.916728624535316
Recall: 0.9572981366459627
F1 score: 0.936574

