Accuracy: 0.9952419894431641
Precision: 0.9834710743801653
Recall: 0.9633239715843384
F1 score: 0.973293

Accuracy: 0.9933384220387205
Precision: 0.9696
Recall: 0.9543307086614173
F1 score: 0.961905

Accuracy: 0.9918817651956703
Precision: 0.9720164609053498
Recall: 0.9343354430379747
F1 score: 0.952804

