Accuracy: 0.9939186677570441
Precision: 0.9482231870075575
Recall: 0.9854612299465241
F1 score: 0.966484

Accuracy: 0.9917424189854972
Precision: 0.9363507779349364
Recall: 0.9785661492978566
F1 score: 0.956993

Accuracy: 0.9916042187066334
Precision: 0.9305873379099924
Recall: 0.976
F1 score: 0.952753

