Accuracy: 0.9982900899561371
Precision: 0.9866004962779157
Recall: 0.9943314438146049
F1 score: 0.990451

Accuracy: 0.9958365137742002
Precision: 0.9748091603053435
Recall: 0.9792944785276073
F1 score: 0.977047

Accuracy: 0.9954898695531501
Precision: 0.9721362229102167
Recall: 0.977431906614786
F1 score: 0.974777

