Accuracy: 0.9975169132406513
Precision: 0.9815776251884106
Recall: 0.9903683676917878
F1 score: 0.985953

Accuracy: 0.994865033654847
Precision: 0.9701269604182226
Recall: 0.9744936234058514
F1 score: 0.972305

Accuracy: 0.9944490702192618
Precision: 0.9693572496263079
Recall: 0.9708083832335329
F1 score: 0.970082

