Accuracy: 0.9972938814957996
Precision: 0.9823548812664907
Recall: 0.9875663129973474
F1 score: 0.984954

Accuracy: 0.9950038165290404
Precision: 0.9706109822119103
Recall: 0.9736229635376261
F1 score: 0.972115

Accuracy: 0.9964612822647794
Precision: 0.9863891112890312
Recall: 0.9731437598736177
F1 score: 0.979722

