Accuracy: 0.9921195450152405
Precision: 0.9580165289256198
Recall: 0.9545454545454546
F1 score: 0.956278

Accuracy: 0.9885504128790508
Precision: 0.9378624689312345
Recall: 0.9263502454991817
F1 score: 0.932071

Accuracy: 0.9898695531501527
Precision: 0.9421742482652274
Recall: 0.9450889404485692
F1 score: 0.943629

