Accuracy: 0.9966247862612445
Precision: 0.9746688741721854
Recall: 0.9875859755074652
F1 score: 0.981085

Accuracy: 0.9947956422177503
Precision: 0.9602063375092115
Recall: 0.9841389728096677
F1 score: 0.972025

Accuracy: 0.9941715237302248
Precision: 0.9565217391304348
Recall: 0.9800307219662059
F1 score: 0.968134

