Accuracy: 0.996550442346294
Precision: 0.9790628115653041
Recall: 0.9823274424808269
F1 score: 0.980692

Accuracy: 0.993615987787107
Precision: 0.9643687064291248
Recall: 0.9643687064291248
F1 score: 0.964369

Accuracy: 0.9938245906189287
Precision: 0.9632183908045977
Recall: 0.9684129429892142
F1 score: 0.965809

