Accuracy: 0.9977845513344733
Precision: 0.9851949333772002
Recall: 0.990244708994709
F1 score: 0.987713

Accuracy: 0.995905905211297
Precision: 0.9748580697485807
Recall: 0.9772357723577236
F1 score: 0.976045

Accuracy: 0.9954204829308909
Precision: 0.9704769114307343
Recall: 0.9793735676088617
F1 score: 0.974905

