Accuracy: 0.9889376254553565
Precision: 0.8928033724781692
Recall: 0.9946326735994633
F1 score: 0.940971

Accuracy: 0.9856359725209909
Precision: 0.8741808650065531
Recall: 0.9888806523350631
F1 score: 0.928000

Accuracy: 0.9848737163474882
Precision: 0.8603542234332425
Recall: 0.9898119122257053
F1 score: 0.920554

