Accuracy: 0.9926102148539142
Precision: 0.9693460490463215
Recall: 0.9472457979697121
F1 score: 0.958169

Accuracy: 0.989313718687114
Precision: 0.9640575079872205
Recall: 0.9171732522796353
F1 score: 0.940031

Accuracy: 0.9907715792395226
Precision: 0.957085020242915
Recall: 0.936608557844691
F1 score: 0.946736

