Accuracy: 0.9901271280945655
Precision: 0.953757225433526
Recall: 0.9346884371876041
F1 score: 0.944127

Accuracy: 0.9868156269516342
Precision: 0.944755804643715
Recall: 0.9069946195234435
F1 score: 0.925490

Accuracy: 0.988481820704968
Precision: 0.9500805152979066
Recall: 0.9190031152647975
F1 score: 0.934283

