Accuracy: 0.9945728942086091
Precision: 0.969811320754717
Recall: 0.9702889034799738
F1 score: 0.970050

Accuracy: 0.9922281590451738
Precision: 0.9585987261146497
Recall: 0.9525316455696202
F1 score: 0.955556

Accuracy: 0.992714404662781
Precision: 0.9660596026490066
Recall: 0.9480097481722177
F1 score: 0.956950

