Accuracy: 0.9976061259385919
Precision: 0.9886382623224729
Recall: 0.9845257903494177
F1 score: 0.986578

Accuracy: 0.995489556588717
Precision: 0.9720223820943246
Recall: 0.9759229534510433
F1 score: 0.973969

Accuracy: 0.9944490702192618
Precision: 0.9713639788997739
Recall: 0.9684447783621337
F1 score: 0.969902

