Accuracy: 0.9971303248829083
Precision: 0.9774498424805174
Recall: 0.9904233870967742
F1 score: 0.983894

Accuracy: 0.9955589480258136
Precision: 0.9783582089552239
Recall: 0.9739970282317979
F1 score: 0.976173

Accuracy: 0.9949347765750763
Precision: 0.9698608964451314
Recall: 0.9736229635376261
F1 score: 0.971738

