Accuracy: 0.9917775630064679
Precision: 0.9571212375987893
Recall: 0.9502504173622704
F1 score: 0.953673

Accuracy: 0.989105544375824
Precision: 0.95625
Recall: 0.9237735849056604
F1 score: 0.939731

Accuracy: 0.9901470996391896
Precision: 0.9498407643312102
Recall: 0.9378930817610063
F1 score: 0.943829

