Accuracy: 0.9956991354717885
Precision: 0.9791899962672639
Recall: 0.9838724800750117
F1 score: 0.981526

Accuracy: 0.990193587724201
Precision: 0.9547395388556789
Recall: 0.9625484287559191
F1 score: 0.958628

Accuracy: 0.9921239837398373
Precision: 0.9667104686815593
Recall: 0.9654418197725284
F1 score: 0.966076

