Accuracy: 0.9858670325123582
Precision: 0.9448021208104526
Recall: 0.9331400785487189
F1 score: 0.938935

Accuracy: 0.9815558152532899
Precision: 0.9240174672489083
Recall: 0.9180043383947939
F1 score: 0.921001

Accuracy: 0.9835873983739838
Precision: 0.9357142857142857
Recall: 0.9213186813186813
F1 score: 0.928461

