Accuracy: 0.994875960757358
Precision: 0.9815863178594839
Recall: 0.9793685712586955
F1 score: 0.980476

Accuracy: 0.990595268472278
Precision: 0.9661111111111111
Recall: 0.9623685666851135
F1 score: 0.964236

Accuracy: 0.9906320624043158
Precision: 0.9656903765690377
Recall: 0.9627363737486095
F1 score: 0.964211

