Accuracy: 0.9970272671359256
Precision: 0.9864840511803928
Recall: 0.9899629261235193
F1 score: 0.988220

Accuracy: 0.9918146061443606
Precision: 0.9647008179078778
Recall: 0.9688715953307393
F1 score: 0.966782

Accuracy: 0.9927713404911236
Precision: 0.9727120067170445
Recall: 0.9702680067001676
F1 score: 0.971488

