Accuracy: 0.9997026243401977
Precision: 0.9975337060177574
Recall: 0.9991765480895916
F1 score: 0.998354

Accuracy: 0.9975712997016168
Precision: 0.9812353401094606
Recall: 0.9913112164296999
F1 score: 0.986248

Accuracy: 0.9974326949764085
Precision: 0.9786729857819905
Recall: 0.9919935948759008
F1 score: 0.985288

