Accuracy: 0.08838004609322726
Precision: 0.08838004609322726
Recall: 1.0
F1 score: 0.162407

Accuracy: 0.0901394767885643
Precision: 0.0901394767885643
Recall: 1.0
F1 score: 0.165372

Accuracy: 0.093255620316403
Precision: 0.093255620316403
Recall: 1.0
F1 score: 0.170602

