Accuracy: 0.9980521894282953
Precision: 0.9890332377256622
Recall: 0.9888663967611336
F1 score: 0.988950

Accuracy: 0.9963222538338768
Precision: 0.9829457364341085
Recall: 0.9761354888375674
F1 score: 0.979529

Accuracy: 0.9959755759089648
Precision: 0.9822222222222222
Recall: 0.975
F1 score: 0.978598

