Accuracy: 0.9961489852055609
Precision: 0.9864253393665159
Recall: 0.9706464379947229
F1 score: 0.978472

Accuracy: 0.994032336409687
Precision: 0.9743589743589743
Recall: 0.9553933495539335
F1 score: 0.964783

Accuracy: 0.9939633638634471
Precision: 0.9762470308788599
Recall: 0.9558139534883721
F1 score: 0.965922

