Accuracy: 0.9963571481674225
Precision: 0.9842730466789359
Recall: 0.9749751408684123
F1 score: 0.979602

Accuracy: 0.9943099021580737
Precision: 0.9739747634069401
Recall: 0.9618380062305296
F1 score: 0.967868

Accuracy: 0.9941715237302248
Precision: 0.9728651237031125
Recall: 0.9605988967691096
F1 score: 0.966693

