Accuracy: 0.9922831016281317
Precision: 0.9524752475247524
Recall: 0.9615192403798101
F1 score: 0.956976

Accuracy: 0.9878564985080841
Precision: 0.9191394658753709
Recall: 0.9494252873563218
F1 score: 0.934037

Accuracy: 0.9903552595059673
Precision: 0.9384615384615385
Recall: 0.9538702111024238
F1 score: 0.946103

