Accuracy: 0.996163853988551
Precision: 0.9771970705725699
Recall: 0.9798064085447263
F1 score: 0.978500

Accuracy: 0.9934078134758171
Precision: 0.9636937647987371
Recall: 0.9614173228346456
F1 score: 0.962554

Accuracy: 0.9946572300860395
Precision: 0.9698795180722891
Recall: 0.9720754716981133
F1 score: 0.970976

