Accuracy: 0.09006021857110995
Precision: 0.09006021857110995
Recall: 1.0
F1 score: 0.165239

Accuracy: 0.09069460828533758
Precision: 0.09069460828533758
Recall: 1.0
F1 score: 0.166306

Accuracy: 0.08485983902303636
Precision: 0.08485983902303636
Recall: 1.0
F1 score: 0.156444

