Accuracy: 0.08995613709017918
Precision: 0.08995613709017918
Recall: 1.0
F1 score: 0.165064

Accuracy: 0.089376170980501
Precision: 0.089376170980501
Recall: 1.0
F1 score: 0.164087

Accuracy: 0.0866638912017763
Precision: 0.0866638912017763
Recall: 1.0
F1 score: 0.159505

