Accuracy: 0.9984090402200579
Precision: 0.9939342881213142
Recall: 0.988107202680067
F1 score: 0.991012

Accuracy: 0.9954201651516202
Precision: 0.9804839968774395
Recall: 0.9683885890516577
F1 score: 0.974399

Accuracy: 0.9958368026644463
Precision: 0.9794520547945206
Recall: 0.975
F1 score: 0.977221

