Accuracy: 0.9969965058359973
Precision: 0.9780439121756487
Recall: 0.9882352941176471
F1 score: 0.983113

Accuracy: 0.9936853792242037
Precision: 0.9604261796042618
Recall: 0.9700230591852421
F1 score: 0.965201

Accuracy: 0.9932001110185956
Precision: 0.9598811292719168
Recall: 0.9670658682634731
F1 score: 0.963460

