Accuracy: 0.9945134190766486
Precision: 0.9753736413043478
Recall: 0.9624601977543153
F1 score: 0.968874

Accuracy: 0.9900770244951773
Precision: 0.9607686148919136
Recall: 0.9273570324574961
F1 score: 0.943767

Accuracy: 0.9913960588398557
Precision: 0.963020030816641
Recall: 0.942684766214178
F1 score: 0.952744

