Accuracy: 0.09166604713404208
Precision: 0.0904488945135115
Recall: 1.0
F1 score: 0.165893

Accuracy: 0.08805773367566443
Precision: 0.08666342344846759
Recall: 1.0
F1 score: 0.159504

Accuracy: 0.08971690258118235
Precision: 0.08794493882091213
Recall: 1.0
F1 score: 0.161672

