Accuracy: 0.9984090402200579
Precision: 0.9872173058013766
Recall: 0.9952089872790352
F1 score: 0.991197

Accuracy: 0.9962528623967802
Precision: 0.9695756605284227
Recall: 0.986960065199674
F1 score: 0.978191

Accuracy: 0.9958368026644463
Precision: 0.9719909159727479
Recall: 0.9824024483550114
F1 score: 0.977169

