Accuracy: 0.9982306148241766
Precision: 0.9840624491787282
Recall: 0.9965415019762845
F1 score: 0.990263

Accuracy: 0.9950038165290404
Precision: 0.9561933534743202
Recall: 0.9890625
F1 score: 0.972350

Accuracy: 0.9961837357757425
Precision: 0.9638364779874213
Recall: 0.9927125506072875
F1 score: 0.978061

