Accuracy: 0.9981562709092261
Precision: 0.9875567513031781
Recall: 0.9915583319263886
F1 score: 0.989553

Accuracy: 0.9950038165290404
Precision: 0.9807264640474426
Recall: 0.9663988312636961
F1 score: 0.973510

Accuracy: 0.9953510963086317
Precision: 0.9849921011058452
Recall: 0.962934362934363
F1 score: 0.973838

