Accuracy: 0.9949261992619927
Precision: 0.9737704918032787
Recall: 0.9952130205840115
F1 score: 0.984375

Accuracy: 0.9903121636167922
Precision: 0.9632829373650108
Recall: 0.9780701754385965
F1 score: 0.970620

Accuracy: 0.9910313901345291
Precision: 0.9619978284473398
Recall: 0.9833518312985572
F1 score: 0.972558

