Accuracy: 0.998491879350348
Precision: 0.9896103896103896
Recall: 0.9934810951760105
F1 score: 0.991542

Accuracy: 0.9816017316017316
Precision: 0.9375
Recall: 0.8776595744680851
F1 score: 0.906593

Accuracy: 0.9805089334055225
Precision: 0.9193548387096774
Recall: 0.890625
F1 score: 0.904762

