Accuracy: 0.9970521876169205
Precision: 0.9868055060266743
Recall: 0.994608583135648
F1 score: 0.990692

Accuracy: 0.9955026455026456
Precision: 0.984822934232715
Recall: 0.9864864864864865
F1 score: 0.985654

Accuracy: 0.9952910052910053
Precision: 0.9827417779225008
Recall: 0.9882121807465619
F1 score: 0.985469

