Accuracy: 0.9995452478399273
Precision: 0.9967213114754099
Recall: 0.9983579638752053
F1 score: 0.997539

Accuracy: 0.9759377211606511
Precision: 0.8714285714285714
Recall: 0.8840579710144928
F1 score: 0.877698

Accuracy: 0.9801980198019802
Precision: 0.9385964912280702
Recall: 0.8359375
F1 score: 0.884298

