Accuracy: 0.9944942582979392
Precision: 0.9715073529411765
Recall: 0.9962299717247879
F1 score: 0.983713

Accuracy: 0.9809104258443465
Precision: 0.9392523364485982
Recall: 0.9392523364485982
F1 score: 0.939252

Accuracy: 0.9765051395007343
Precision: 0.9310344827586207
Recall: 0.9310344827586207
F1 score: 0.931034

