Accuracy: 0.9958123953098827
Precision: 0.9772467086433887
Recall: 0.9969343065693431
F1 score: 0.986992

Accuracy: 0.9915318640755618
Precision: 0.9631782945736435
Recall: 0.9861111111111112
F1 score: 0.974510

Accuracy: 0.9920746933014873
Precision: 0.9603825136612022
Recall: 0.9894440534834623
F1 score: 0.974697

