Accuracy: 0.9963262746035064
Precision: 0.9836539670564567
Recall: 0.9930815614090764
F1 score: 0.988345

Accuracy: 0.9945174929145565
Precision: 0.9774524158125915
Recall: 0.9878662326131992
F1 score: 0.982632

Accuracy: 0.9954004831815647
Precision: 0.9839743589743589
Recall: 0.9871382636655949
F1 score: 0.985554

