Accuracy: 0.989706327580987
Precision: 0.9605875152998776
Recall: 0.9643647087736544
F1 score: 0.962472

Accuracy: 0.980690737833595
Precision: 0.9354838709677419
Recall: 0.9214326978625073
F1 score: 0.928405

Accuracy: 0.9797488226059654
Precision: 0.9264367816091954
Recall: 0.9253731343283582
F1 score: 0.925905

