Accuracy: 0.9795135735190231
Precision: 0.9319634131061271
Recall: 0.9168001972143474
F1 score: 0.924320

Accuracy: 0.9733124018838305
Precision: 0.9074399531341535
Recall: 0.8948584633160023
F1 score: 0.901105

Accuracy: 0.9711930926216641
Precision: 0.9088785046728972
Recall: 0.8805885681946802
F1 score: 0.894510

