Accuracy: 0.9974277005427106
Precision: 0.983679525222552
Recall: 0.9877503724548916
F1 score: 0.985711

Accuracy: 0.9943792935951704
Precision: 0.9728892331525949
Recall: 0.9646697388632872
F1 score: 0.968762

Accuracy: 0.9938245906189287
Precision: 0.9601593625498008
Recall: 0.9686495176848875
F1 score: 0.964386

