Accuracy: 0.9975763883726118
Precision: 0.9819745328261948
Recall: 0.9909879839786382
F1 score: 0.986461

Accuracy: 0.995073207966137
Precision: 0.9669811320754716
Recall: 0.9769658459094519
F1 score: 0.971948

Accuracy: 0.9950735498195947
Precision: 0.9737827715355806
Recall: 0.9730538922155688
F1 score: 0.973418

