Accuracy: 0.9965950486952643
Precision: 0.9802338988634491
Recall: 0.982013201320132
F1 score: 0.981123

Accuracy: 0.9942405107209771
Precision: 0.9639048400328137
Recall: 0.9678747940691927
F1 score: 0.965886

Accuracy: 0.9943102969747433
Precision: 0.9716475095785441
Recall: 0.9657273419649657
F1 score: 0.968678

