Accuracy: 0.9977845513344733
Precision: 0.9859224908910236
Recall: 0.9893634701678578
F1 score: 0.987640

Accuracy: 0.9952119908403303
Precision: 0.9739747634069401
Recall: 0.971675845790716
F1 score: 0.972824

Accuracy: 0.9950041631973355
Precision: 0.9722863741339491
Recall: 0.9722863741339491
F1 score: 0.972286

