Accuracy: 0.9961787227715412
Precision: 0.9901561439239647
Recall: 0.967014752196254
F1 score: 0.978449

Accuracy: 0.9931996391645271
Precision: 0.9789473684210527
Recall: 0.9437939110070258
F1 score: 0.961049

Accuracy: 0.9935470441298918
Precision: 0.985996705107084
Recall: 0.9402985074626866
F1 score: 0.962606

