Accuracy: 0.9980521894282953
Precision: 0.9846837944664032
Recall: 0.9936845604121656
F1 score: 0.989164

Accuracy: 0.9943792935951704
Precision: 0.9678624813153961
Recall: 0.9714928732183046
F1 score: 0.969674

Accuracy: 0.9950041631973355
Precision: 0.9626687847498014
Recall: 0.9797898140662894
F1 score: 0.971154

