Accuracy: 0.9922533640621515
Precision: 0.9924731182795699
Recall: 0.9203922220375602
F1 score: 0.955075

Accuracy: 0.9873013670113108
Precision: 0.9848214285714286
Recall: 0.8691883372734437
F1 score: 0.923399

Accuracy: 0.9890369136830419
Precision: 0.9914015477214101
Recall: 0.8862413528055342
F1 score: 0.935877

