Accuracy: 0.9977250762025128
Precision: 0.9824042098339089
Recall: 0.992358803986711
F1 score: 0.987356

Accuracy: 0.9947956422177503
Precision: 0.9645881447267128
Recall: 0.9773790951638065
F1 score: 0.970941

Accuracy: 0.9937552039966694
Precision: 0.9592621060722522
Recall: 0.9712062256809338
F1 score: 0.965197

