Accuracy: 0.9978737640324139
Precision: 0.9849686157912124
Recall: 0.9913549459684123
F1 score: 0.988151

Accuracy: 0.9945874679064604
Precision: 0.965845909451946
Recall: 0.9720223820943246
F1 score: 0.968924

Accuracy: 0.9956980294199278
Precision: 0.9750943396226415
Recall: 0.9780469341408025
F1 score: 0.976568

