Accuracy: 0.9694743885212995
Precision: 0.8872253548512541
Recall: 0.7559642147117296
F1 score: 0.816352

Accuracy: 0.9647491499548956
Precision: 0.8584229390681004
Recall: 0.7324159021406728
F1 score: 0.790429

Accuracy: 0.9641271162919789
Precision: 0.8424528301886792
Recall: 0.7184231697506034
F1 score: 0.775510

