Accuracy: 0.9428890045349788
Precision: 0.669279237743968
Recall: 0.7205493050959629
F1 score: 0.693969

Accuracy: 0.9405315384081604
Precision: 0.6509863429438544
Recall: 0.6836653386454183
F1 score: 0.666926

Accuracy: 0.9442825423258395
Precision: 0.6725978647686833
Recall: 0.7336956521739131
F1 score: 0.701820

