Accuracy: 0.9739498922013233
Precision: 0.9229221171261823
Recall: 0.7701091519731318
F1 score: 0.839619

Accuracy: 0.9723128165984317
Precision: 0.9261744966442953
Recall: 0.75
F1 score: 0.828829

Accuracy: 0.9701637524285318
Precision: 0.9177330895795247
Recall: 0.7470238095238095
F1 score: 0.823626

