Accuracy: 0.9798081926994275
Precision: 0.9666666666666667
Recall: 0.7993277310924369
F1 score: 0.875069

Accuracy: 0.9775171743806814
Precision: 0.9572649572649573
Recall: 0.7832167832167832
F1 score: 0.861538

Accuracy: 0.9752289758534555
Precision: 0.9567617295308187
Recall: 0.7703703703703704
F1 score: 0.853508

