Accuracy: 0.9780685450895844
Precision: 0.9123513266239707
Recall: 0.8335005015045135
F1 score: 0.871145

Accuracy: 0.9746721254597183
Precision: 0.8915966386554622
Recall: 0.818041634541249
F1 score: 0.853237

Accuracy: 0.9741187898973078
Precision: 0.892527287993283
Recall: 0.8126911314984709
F1 score: 0.850740

