Accuracy: 0.9871087651475726
Precision: 0.976181751557347
Recall: 0.8784830997526794
F1 score: 0.924759

Accuracy: 0.9833460550968011
Precision: 0.9581818181818181
Recall: 0.844551282051282
F1 score: 0.897785

Accuracy: 0.9850124895920067
Precision: 0.9584055459272097
Recall: 0.8681318681318682
F1 score: 0.911038

