Accuracy: 0.9684930488439522
Precision: 0.8809338521400778
Recall: 0.7502899751449875
F1 score: 0.810380

Accuracy: 0.9680105474984387
Precision: 0.8784688995215311
Recall: 0.7332268370607029
F1 score: 0.799303

Accuracy: 0.9650985290036082
Precision: 0.8686401480111008
Recall: 0.7223076923076923
F1 score: 0.788744

