Accuracy: 0.9770128614972865
Precision: 0.9167601945379723
Recall: 0.8165611462845718
F1 score: 0.863765

Accuracy: 0.973284296717785
Precision: 0.9006968641114983
Recall: 0.7923371647509578
F1 score: 0.843049

Accuracy: 0.9755759089647515
Precision: 0.9106194690265487
Recall: 0.80390625
F1 score: 0.853942

