Accuracy: 0.9770425990632666
Precision: 0.8779446910208262
Recall: 0.8611855324849297
F1 score: 0.869484

Accuracy: 0.9730067309693984
Precision: 0.8542600896860987
Recall: 0.8548990276738968
F1 score: 0.854579

Accuracy: 0.9746738828753816
Precision: 0.8625893566322478
Recall: 0.8497652582159625
F1 score: 0.856129

