Accuracy: 0.9655936361608802
Precision: 0.8905515177426251
Recall: 0.6980563002680965
F1 score: 0.782641

Accuracy: 0.9644715842065089
Precision: 0.8916155419222904
Recall: 0.6823161189358372
F1 score: 0.773050

Accuracy: 0.9636414099361643
Precision: 0.8924111431316042
Recall: 0.6927665920954511
F1 score: 0.780017

