Accuracy: 0.9772804995911085
Precision: 0.8788487282463187
Recall: 0.8672391017173051
F1 score: 0.873005

Accuracy: 0.9768926514468115
Precision: 0.8678304239401496
Recall: 0.8571428571428571
F1 score: 0.862454

Accuracy: 0.9754371357202332
Precision: 0.8784530386740331
Recall: 0.8476770753998477
F1 score: 0.862791

