Accuracy: 0.9845067281243031
Precision: 0.9701436130007559
Recall: 0.8531073446327684
F1 score: 0.907869

Accuracy: 0.9838317951564777
Precision: 0.9656992084432717
Recall: 0.8498452012383901
F1 score: 0.904076

Accuracy: 0.9816819317235637
Precision: 0.9526362823949955
Recall: 0.8347689898198903
F1 score: 0.889816

