Accuracy: 0.9387554828637276
Precision: 0.6505487513917608
Recall: 0.6803060545575516
F1 score: 0.665095

Accuracy: 0.9365068350565541
Precision: 0.630246020260492
Recall: 0.6831372549019608
F1 score: 0.655627

Accuracy: 0.9378295864557313
Precision: 0.6414565826330533
Recall: 0.7046153846153846
F1 score: 0.671554

