Accuracy: 0.9808936138577058
Precision: 0.9022033898305085
Recall: 0.8826065329132814
F1 score: 0.892297

Accuracy: 0.9789743945597114
Precision: 0.879585326953748
Recall: 0.8788844621513944
F1 score: 0.879235

Accuracy: 0.9787676935886761
Precision: 0.8932806324110671
Recall: 0.8685626441199078
F1 score: 0.880748

