Accuracy: 0.9775927440339008
Precision: 0.9328820116054158
Recall: 0.8061173324419187
F1 score: 0.864879

Accuracy: 0.9727291652210117
Precision: 0.9095106186518929
Recall: 0.76953125
F1 score: 0.833686

Accuracy: 0.9744657230086039
Precision: 0.9185639229422067
Recall: 0.7922960725075529
F1 score: 0.850770

