Accuracy: 0.985696230763512
Precision: 0.9844916714531878
Recall: 0.8537273783828657
F1 score: 0.914458

