Accuracy: 0.9849246231155779
Precision: 0.8897795591182365
Recall: 0.9568965517241379
F1 score: 0.922118

Accuracy: 0.9849906191369606
Precision: 0.896
Recall: 0.9739130434782609
F1 score: 0.933333

Accuracy: 0.9812382739212008
Precision: 0.8958333333333334
Recall: 0.8958333333333334
F1 score: 0.895833

