Accuracy: 0.9960476827946707
Precision: 0.9848880449402643
Recall: 0.9954418232706918
F1 score: 0.990137

Accuracy: 0.9954633348207645
Precision: 0.9825343738387217
Recall: 0.9947328818660647
F1 score: 0.988596

Accuracy: 0.9938271604938271
Precision: 0.9750465549348231
Recall: 0.9939255884586181
F1 score: 0.984396

