Accuracy: 0.994567861196692
Precision: 0.9444687363358111
Recall: 0.9121621621621622
F1 score: 0.928034

Accuracy: 0.9841089670828603
Precision: 0.817351598173516
Recall: 0.7336065573770492
F1 score: 0.773218

Accuracy: 0.9838819523269012
Precision: 0.8247191011235955
Recall: 0.7310756972111554
F1 score: 0.775079

