Accuracy: 0.9977823977823977
Precision: 0.9878534641920125
Recall: 0.9981345115365734
F1 score: 0.992967

Accuracy: 0.9948253557567918
Precision: 0.9799726900318616
Recall: 0.9871618523613022
F1 score: 0.983554

Accuracy: 0.9950413223140496
Precision: 0.9841047218326321
Recall: 0.9836448598130841
F1 score: 0.983875

