Accuracy: 0.9105047951825143
Precision: 0.0
Recall: 0.0
F1 score: 0.000000

Accuracy: 0.9100686975227257
Precision: 0.0
Recall: 0.0
F1 score: 0.000000

Accuracy: 0.9117402164862615
Precision: 0.0
Recall: 0.0
F1 score: 0.000000

