Accuracy: 0.9964276915496427
Precision: 0.9851576994434137
Recall: 0.9921329530927329
F1 score: 0.988633

Accuracy: 0.9954728370221329
Precision: 0.9860297431275349
Recall: 0.9855855855855856
F1 score: 0.985808

Accuracy: 0.9940360709923116
Precision: 0.9797551789077212
Recall: 0.9811409712399811
F1 score: 0.980448

