Accuracy: 0.9963469137891562
Precision: 0.9833396440742143
Recall: 0.9934332164488364
F1 score: 0.988361

Accuracy: 0.9946581196581197
Precision: 0.9781922525107604
Recall: 0.9886890951276102
F1 score: 0.983413

Accuracy: 0.9942400594574508
Precision: 0.9715925394548063
Recall: 0.9926707710348871
F1 score: 0.982019

