Accuracy: 0.99786438868126
Precision: 0.9885827748821048
Recall: 0.9759862778730704
F1 score: 0.982244

Accuracy: 0.9949477472489445
Precision: 0.9724770642201835
Recall: 0.9453734671125975
F1 score: 0.958734

Accuracy: 0.9940480310056059
Precision: 0.9610231425091352
Recall: 0.9359430604982206
F1 score: 0.948317

