Accuracy: 0.9792877852947737
Precision: 0.9168032040779174
Recall: 0.8432685867381112
F1 score: 0.878500

Accuracy: 0.9752272569564916
Precision: 0.901255230125523
Recall: 0.8183890577507599
F1 score: 0.857826

Accuracy: 0.9770330280321954
Precision: 0.9136752136752136
Recall: 0.8229407236335643
F1 score: 0.865938

