Accuracy: 0.9933387852204297
Precision: 0.9836150396688513
Recall: 0.9417107001321003
F1 score: 0.962207

Accuracy: 0.9907015474290473
Precision: 0.9739495798319328
Recall: 0.9183835182250396
F1 score: 0.945351

Accuracy: 0.992089925062448
Precision: 0.9800498753117207
Recall: 0.9290780141843972
F1 score: 0.953883

