Accuracy: 0.9964612296483533
Precision: 0.9795068310563145
Recall: 0.9808141474808142
F1 score: 0.980160

Accuracy: 0.9939629449725904
Precision: 0.9619118745332338
Recall: 0.972809667673716
F1 score: 0.967330

Accuracy: 0.9932001110185956
Precision: 0.9584964761158966
Recall: 0.9645390070921985
F1 score: 0.961508

