Accuracy: 0.9966545238272247
Precision: 0.9795615625515082
Recall: 0.9832892124420913
F1 score: 0.981422

Accuracy: 0.9947262507806537
Precision: 0.9718969555035128
Recall: 0.9688715953307393
F1 score: 0.970382

Accuracy: 0.9942409103524841
Precision: 0.9666401906274821
Recall: 0.9674085850556439
F1 score: 0.967024

