Accuracy: 0.996526084230015
Precision: 0.9819378064676308
Recall: 0.9963471469958433
F1 score: 0.989090

Accuracy: 0.995819397993311
Precision: 0.9772525849335303
Recall: 0.9960855164107196
F1 score: 0.986579

Accuracy: 0.9954013377926422
Precision: 0.9798935541099941
Recall: 0.9907324364723468
F1 score: 0.985283

