Accuracy: 0.9965950486952643
Precision: 0.9761747187293184
Recall: 0.985797827903091
F1 score: 0.980963

Accuracy: 0.9929220734161405
Precision: 0.9503058103975535
Recall: 0.97109375
F1 score: 0.960587

Accuracy: 0.9934776575076325
Precision: 0.9644478063540091
Recall: 0.9644478063540091
F1 score: 0.964448

