Accuracy: 0.15564178369056417
Precision: 0.15564178369056417
Recall: 1.0
F1 score: 0.269360

Accuracy: 0.1565823512503593
Precision: 0.1565823512503593
Recall: 1.0
F1 score: 0.270767

Accuracy: 0.15973270101314938
Precision: 0.15973270101314938
Recall: 1.0
F1 score: 0.275465

