Accuracy: 0.9978291576834436
Precision: 0.9863378873708764
Recall: 0.9893048128342246
F1 score: 0.987819

Accuracy: 0.9961834709596836
Precision: 0.9778117827084928
Recall: 0.9800613496932515
F1 score: 0.978935

Accuracy: 0.9952123230641132
Precision: 0.9716257668711656
Recall: 0.9753656658968437
F1 score: 0.973492

