Accuracy: 0.9973830941937403
Precision: 0.9837037037037037
Recall: 0.9872790351891624
F1 score: 0.985488

Accuracy: 0.995073207966137
Precision: 0.9755725190839695
Recall: 0.9703872437357631
F1 score: 0.972973

Accuracy: 0.9955592561754094
Precision: 0.9729286300246104
Recall: 0.9745275267050123
F1 score: 0.973727

