Accuracy: 0.9962772363954889
Precision: 0.982195659012268
Recall: 0.9942049289944597
F1 score: 0.988164

Accuracy: 0.9939613526570048
Precision: 0.9708480565371025
Recall: 0.9906850961538461
F1 score: 0.980666

Accuracy: 0.9942400594574508
Precision: 0.9763845937587855
Recall: 0.9886137204668375
F1 score: 0.982461

