Accuracy: 0.9980373206453051
Precision: 0.9911222780569514
Recall: 0.9868245496997998
F1 score: 0.988969

Accuracy: 0.9956283394629103
Precision: 0.9771801140994295
Recall: 0.9716369529983793
F1 score: 0.974401

Accuracy: 0.9947960033305578
Precision: 0.974112426035503
Recall: 0.9705232129697863
F1 score: 0.972315

