Accuracy: 0.9977548137684931
Precision: 0.9888333333333333
Recall: 0.9860395545953132
F1 score: 0.987434

Accuracy: 0.9951425994032337
Precision: 0.9728471683475562
Recall: 0.9728471683475562
F1 score: 0.972847

Accuracy: 0.9950041631973355
Precision: 0.9726348709929633
Recall: 0.9711163153786104
F1 score: 0.971875

