Accuracy: 0.9973384878447699
Precision: 0.9798213695004961
Recall: 0.9904698211001505
F1 score: 0.985117

Accuracy: 0.9950038165290404
Precision: 0.970381917381138
Recall: 0.9734167318217357
F1 score: 0.971897

Accuracy: 0.994518456841521
Precision: 0.9642857142857143
Recall: 0.9766390354182366
F1 score: 0.970423

