Accuracy: 0.9967288677421753
Precision: 0.9754328112118714
Recall: 0.9881409721062302
F1 score: 0.981746

Accuracy: 0.9943099021580737
Precision: 0.967032967032967
Recall: 0.9685534591194969
F1 score: 0.967793

Accuracy: 0.9937552039966694
Precision: 0.9626307922272048
Recall: 0.9698795180722891
F1 score: 0.966242

