Accuracy: 0.9983049587391272
Precision: 0.9888072168392917
Recall: 0.992122024807241
F1 score: 0.990462

Accuracy: 0.9947262507806537
Precision: 0.9730740463724757
Recall: 0.9701715137956749
F1 score: 0.971621

Accuracy: 0.9952123230641132
Precision: 0.9779005524861878
Recall: 0.96796875
F1 score: 0.972909

