Accuracy: 0.9980967957772656
Precision: 0.9872268907563025
Recall: 0.9912251096861289
F1 score: 0.989222

Accuracy: 0.995281382277427
Precision: 0.9751693002257337
Recall: 0.9737039819684448
F1 score: 0.974436

Accuracy: 0.9958368026644463
Precision: 0.9767267267267268
Recall: 0.9781954887218045
F1 score: 0.977461

