Accuracy: 0.9968924243550665
Precision: 0.977442388834794
Recall: 0.988511406532086
F1 score: 0.982946

Accuracy: 0.993615987787107
Precision: 0.9593625498007968
Recall: 0.9670682730923694
F1 score: 0.963200

Accuracy: 0.9940327504857064
Precision: 0.9618745035742653
Recall: 0.9695756605284227
F1 score: 0.965710

