Accuracy: 0.9975763883726118
Precision: 0.9830929885629041
Recall: 0.9898197596795728
F1 score: 0.986445

Accuracy: 0.9942405107209771
Precision: 0.9656226126814362
Recall: 0.9708141321044547
F1 score: 0.968211

Accuracy: 0.994518456841521
Precision: 0.9712732919254659
Recall: 0.9675174013921114
F1 score: 0.969392

