Accuracy: 0.9974425693257007
Precision: 0.9800888596346882
Recall: 0.9915099051107041
F1 score: 0.985766

Accuracy: 0.994865033654847
Precision: 0.9629355077835434
Recall: 0.981859410430839
F1 score: 0.972305

Accuracy: 0.9948653899528171
Precision: 0.9668508287292817
Recall: 0.9745425616547335
F1 score: 0.970681

