Accuracy: 0.9982603523901569
Precision: 0.9872507355344884
Recall: 0.99358447113012
F1 score: 0.990407

Accuracy: 0.9957671223371036
Precision: 0.9734299516908212
Recall: 0.9773645917542442
F1 score: 0.975393

Accuracy: 0.9953510963086317
Precision: 0.9645061728395061
Recall: 0.983477576711251
F1 score: 0.973899

