Accuracy: 0.9973979629767303
Precision: 0.9800888596346882
Recall: 0.9910149750415973
F1 score: 0.985522

Accuracy: 0.9943792935951704
Precision: 0.9653579676674365
Recall: 0.9720930232558139
F1 score: 0.968714

Accuracy: 0.9952817096863724
Precision: 0.9642041127189642
Recall: 0.9836829836829837
F1 score: 0.973846

