Accuracy: 0.9969406365829264
Precision: 0.9801790281329923
Recall: 0.9864864864864865
F1 score: 0.983323

Accuracy: 0.9857260499588252
Precision: 0.9210526315789473
Recall: 0.9264705882352942
F1 score: 0.923754

Accuracy: 0.9914881933003844
Precision: 0.963963963963964
Recall: 0.9441176470588235
F1 score: 0.953938

