Accuracy: 0.9981414021262359
Precision: 0.9871815940838127
Recall: 0.9922365378262306
F1 score: 0.989703

Accuracy: 0.9958365137742002
Precision: 0.9754500818330606
Recall: 0.9754500818330606
F1 score: 0.975450

Accuracy: 0.9957674160421871
Precision: 0.971342383107089
Recall: 0.9824561403508771
F1 score: 0.976868

