Accuracy: 0.9976854271506862
Precision: 0.9879976580796253
Recall: 0.989300894034882
F1 score: 0.988649

Accuracy: 0.9962369337979095
Precision: 0.9795630725863284
Recall: 0.9823321554770318
F1 score: 0.980946

Accuracy: 0.9954703832752613
Precision: 0.9826435246995995
Recall: 0.9741892786234282
F1 score: 0.978398

