Accuracy: 0.9973977580684897
Precision: 0.9875146312914553
Recall: 0.995966551893753
F1 score: 0.991723

Accuracy: 0.9951135383730957
Precision: 0.9824561403508771
Recall: 0.9860982391102873
F1 score: 0.984274

Accuracy: 0.9964072716821154
Precision: 0.9903625516291877
Recall: 0.9867398262459991
F1 score: 0.988548

