Accuracy: 0.9977845513344733
Precision: 0.9851839520559348
Recall: 0.9899631983941117
F1 score: 0.987568

Accuracy: 0.9947262507806537
Precision: 0.9727201870615745
Recall: 0.9681923972071373
F1 score: 0.970451

Accuracy: 0.9953510963086317
Precision: 0.974981046247157
Recall: 0.9742424242424242
F1 score: 0.974612

