Accuracy: 0.997219537580849
Precision: 0.9865849619079166
Recall: 0.9825169058222002
F1 score: 0.984547

Accuracy: 0.9955589480258136
Precision: 0.9767441860465116
Recall: 0.9720670391061452
F1 score: 0.974400

Accuracy: 0.9954204829308909
Precision: 0.9762845849802372
Recall: 0.971675845790716
F1 score: 0.973975

