Accuracy: 0.9972279972279973
Precision: 0.9865089451559292
Recall: 0.9958551268133821
F1 score: 0.991160

Accuracy: 0.9954003162282593
Precision: 0.979223125564589
Recall: 0.9917657822506862
F1 score: 0.985455

Accuracy: 0.9953287818900467
Precision: 0.9849177330895795
Recall: 0.9853680841335163
F1 score: 0.985143

