Accuracy: 0.9972641439298193
Precision: 0.983536384590056
Recall: 0.9861340376361836
F1 score: 0.984833

Accuracy: 0.993615987787107
Precision: 0.9651162790697675
Recall: 0.9636222910216719
F1 score: 0.964369

Accuracy: 0.9949347765750763
Precision: 0.973170731707317
Recall: 0.967663702506063
F1 score: 0.970409

