Accuracy: 0.08873689688498997
Precision: 0.08873689688498997
Recall: 1.0
F1 score: 0.163009

Accuracy: 0.0930539171466241
Precision: 0.0930539171466241
Recall: 1.0
F1 score: 0.170264

Accuracy: 0.08867610324729393
Precision: 0.08867610324729393
Recall: 1.0
F1 score: 0.162906

