Accuracy: 0.9953119907743989
Precision: 0.9761291832436227
Recall: 0.994595024242906
F1 score: 0.985276

Accuracy: 0.9940333430827727
Precision: 0.9699554896142433
Recall: 0.9920333839150227
F1 score: 0.980870

Accuracy: 0.9946183094472067
Precision: 0.973732889382168
Recall: 0.9920844327176781
F1 score: 0.982823

