Accuracy: 0.9957515602676893
Precision: 0.9765985755654693
Recall: 0.9968046013740214
F1 score: 0.986598

Accuracy: 0.9950286583226108
Precision: 0.9748563218390804
Recall: 0.9945034811286185
F1 score: 0.984582

Accuracy: 0.9940932218258378
Precision: 0.969156447417317
Recall: 0.9931454683929931
F1 score: 0.981004

