Accuracy: 0.9795554233885957
Precision: 0.8184426229508197
Recall: 0.9923803213516648
F1 score: 0.897058

Accuracy: 0.9758517798903615
Precision: 0.7829815303430079
Recall: 0.9842454394693201
F1 score: 0.872153

Accuracy: 0.9776575076325285
Precision: 0.8112058465286236
Recall: 0.9910714285714286
F1 score: 0.892163

