Accuracy: 0.9981860084752063
Precision: 0.986774673499752
Recall: 0.9930128098486108
F1 score: 0.989884

Accuracy: 0.9953507737145236
Precision: 0.9740470397404704
Recall: 0.9716828478964401
F1 score: 0.972864

Accuracy: 0.9952123230641132
Precision: 0.975317875841436
Recall: 0.9731343283582089
F1 score: 0.974225

