Accuracy: 0.9976953386365326
Precision: 0.9852373762791478
Recall: 0.9887205387205387
F1 score: 0.986976

Accuracy: 0.9953507737145236
Precision: 0.9776951672862454
Recall: 0.9726331360946746
F1 score: 0.975158

Accuracy: 0.9953510963086317
Precision: 0.9730354391371341
Recall: 0.9752895752895753
F1 score: 0.974161

