Accuracy: 0.9979035015983941
Precision: 0.9870496430350324
Recall: 0.9895139813581891
F1 score: 0.988280

Accuracy: 0.9951425994032337
Precision: 0.9699248120300752
Recall: 0.9772727272727273
F1 score: 0.973585

Accuracy: 0.9954204829308909
Precision: 0.969315499606609
Recall: 0.9785544082605242
F1 score: 0.973913

