Accuracy: 0.9982454836071668
Precision: 0.988194213501829
Recall: 0.9921535893155259
F1 score: 0.990170

Accuracy: 0.9960446880854903
Precision: 0.9807987711213517
Recall: 0.975553857906799
F1 score: 0.978169

Accuracy: 0.9956286427976686
Precision: 0.9788897576231431
Recall: 0.9720496894409938
F1 score: 0.975458

