Accuracy: 0.9973236190617798
Precision: 0.9794531897265949
Recall: 0.9906150494385788
F1 score: 0.985002

Accuracy: 0.9939629449725904
Precision: 0.9578025477707006
Recall: 0.9725141471301536
F1 score: 0.965102

Accuracy: 0.9946572300860395
Precision: 0.9697841726618706
Recall: 0.9746926970354303
F1 score: 0.972232

