Accuracy: 0.9962530666864917
Precision: 0.9757012393998695
Recall: 0.9830759119290174
F1 score: 0.979375

Accuracy: 0.9941017278467837
Precision: 0.9638364779874213
Recall: 0.9691699604743083
F1 score: 0.966496

Accuracy: 0.9937552039966694
Precision: 0.957667731629393
Recall: 0.9700647249190939
F1 score: 0.963826

