Accuracy: 0.9979629767303546
Precision: 0.9881364310430054
Recall: 0.989277466182778
F1 score: 0.988707

Accuracy: 0.9941017278467837
Precision: 0.9716312056737588
Recall: 0.9617784711388455
F1 score: 0.966680

Accuracy: 0.9945878434637802
Precision: 0.9731925264012997
Recall: 0.9637972646822205
F1 score: 0.968472

