Accuracy: 0.9971154560999183
Precision: 0.9844533600802408
Recall: 0.9831385642737897
F1 score: 0.983796

Accuracy: 0.9950038165290404
Precision: 0.9750195160031225
Recall: 0.9689681923972071
F1 score: 0.971984

Accuracy: 0.9948653899528171
Precision: 0.9746153846153847
Recall: 0.9686544342507645
F1 score: 0.971626

