Accuracy: 0.9960712195937473
Precision: 0.9782498735457764
Recall: 0.9979360165118679
F1 score: 0.987995

Accuracy: 0.9851736246586033
Precision: 0.9429928741092637
Recall: 0.9659367396593674
F1 score: 0.954327

Accuracy: 0.9875195007800313
Precision: 0.953810623556582
Recall: 0.971764705882353
F1 score: 0.962704

