Accuracy: 0.9979580192787003
Precision: 0.9908609271523179
Recall: 0.991123476417594
F1 score: 0.990992

Accuracy: 0.9957959641255605
Precision: 0.9810975609756097
Recall: 0.9822954822954822
F1 score: 0.981696

Accuracy: 0.9948150224215246
Precision: 0.9750152346130408
Recall: 0.9797917942437232
F1 score: 0.977398

