Accuracy: 0.9958567086540352
Precision: 0.9708604730887899
Recall: 0.9374379344587885
F1 score: 0.953857

Accuracy: 0.988921035918425
Precision: 0.912396694214876
Recall: 0.8414634146341463
F1 score: 0.875496

Accuracy: 0.9885682026674194
Precision: 0.9033816425120773
Recall: 0.8461538461538461
F1 score: 0.873832

