Accuracy: 0.9977845513344733
Precision: 0.9861743382228967
Recall: 0.9886747802569303
F1 score: 0.987423

Accuracy: 0.9949344250919436
Precision: 0.9631540162122328
Recall: 0.9827067669172932
F1 score: 0.972832

Accuracy: 0.9945878434637802
Precision: 0.9702159344750558
Recall: 0.9716629381058911
F1 score: 0.970939

