Accuracy: 0.9974128317597205
Precision: 0.9830368906455863
Recall: 0.9882450331125828
F1 score: 0.985634

Accuracy: 0.994448685032267
Precision: 0.96328125
Recall: 0.9739336492890995
F1 score: 0.968578

Accuracy: 0.9942409103524841
Precision: 0.9665109034267912
Recall: 0.9687743950039032
F1 score: 0.967641

