Accuracy: 0.9968434343434344
Precision: 0.9846720993403182
Recall: 0.995390801216044
F1 score: 0.990002

Accuracy: 0.9949698189134809
Precision: 0.9772403982930299
Recall: 0.9894383101296207
F1 score: 0.983302

Accuracy: 0.9954731623194654
Precision: 0.9839213934792318
Recall: 0.9878923766816143
F1 score: 0.985903

