Accuracy: 0.9976358635045721
Precision: 0.9865269461077845
Recall: 0.9870194707938093
F1 score: 0.986773

Accuracy: 0.994656859343557
Precision: 0.9694835680751174
Recall: 0.9702427564604542
F1 score: 0.969863

Accuracy: 0.9947960033305578
Precision: 0.9729938271604939
Recall: 0.9692544196771714
F1 score: 0.971121

