Accuracy: 0.9994498550293659
Precision: 0.9958800263678312
Recall: 0.998018166804294
F1 score: 0.996948

Accuracy: 0.9971549510790368
Precision: 0.9803149606299213
Recall: 0.9873116574147502
F1 score: 0.983801

Accuracy: 0.9968082153760754
Precision: 0.981904012588513
Recall: 0.981904012588513
F1 score: 0.981904

