Accuracy: 0.9978440264664338
Precision: 0.9867693853625858
Recall: 0.9889224572004028
F1 score: 0.987845

Accuracy: 0.9950038165290404
Precision: 0.9782608695652174
Recall: 0.9662576687116564
F1 score: 0.972222

Accuracy: 0.9959061892867055
Precision: 0.9817351598173516
Recall: 0.9735849056603774
F1 score: 0.977643

