Accuracy: 0.9989294476247119
Precision: 0.9915338645418327
Recall: 0.9964964964964965
F1 score: 0.994009

Accuracy: 0.9959752966483936
Precision: 0.9681008902077152
Recall: 0.9886363636363636
F1 score: 0.978261

Accuracy: 0.9966694421315571
Precision: 0.9744384198295895
Recall: 0.9882168106834249
F1 score: 0.981279

