Accuracy: 0.0893762545535648
Precision: 0.0893762545535648
Recall: 1.0
F1 score: 0.164087

Accuracy: 0.08861286517243772
Precision: 0.08861286517243772
Recall: 1.0
F1 score: 0.162800

Accuracy: 0.09013322231473772
Precision: 0.09013322231473772
Recall: 1.0
F1 score: 0.165362

