Accuracy: 0.9969667682700171
Precision: 0.9755135579293345
Recall: 0.9908195626773494
F1 score: 0.983107

Accuracy: 0.9945180764693636
Precision: 0.9610983981693364
Recall: 0.9782608695652174
F1 score: 0.969604

Accuracy: 0.9948653899528171
Precision: 0.9625187406296851
Recall: 0.981651376146789
F1 score: 0.971991

