Accuracy: 0.9979927142963348
Precision: 0.9890073831009024
Recall: 0.9888451443569554
F1 score: 0.988926

Accuracy: 0.9952119908403303
Precision: 0.9721337579617835
Recall: 0.9729083665338646
F1 score: 0.972521

Accuracy: 0.9949347765750763
Precision: 0.9708502024291498
Recall: 0.9700647249190939
F1 score: 0.970457

