Accuracy: 0.9964426877470356
Precision: 0.9787699715473845
Recall: 0.9955476402493322
F1 score: 0.987088

Accuracy: 0.9942536889897844
Precision: 0.9709994821336095
Recall: 0.9868421052631579
F1 score: 0.978857

Accuracy: 0.9942536889897844
Precision: 0.9746639089968976
Recall: 0.9833072509128847
F1 score: 0.978967

