Accuracy: 0.9982900899561371
Precision: 0.9904730068527494
Recall: 0.9903074866310161
F1 score: 0.990390

Accuracy: 0.9953507737145236
Precision: 0.9750972762645914
Recall: 0.9728260869565217
F1 score: 0.973960

Accuracy: 0.996044962531224
Precision: 0.9801526717557252
Recall: 0.976425855513308
F1 score: 0.978286

