Accuracy: 0.9979927142963348
Precision: 0.9872994652406417
Recall: 0.9901122842299312
F1 score: 0.988704

Accuracy: 0.9945180764693636
Precision: 0.97544128933231
Recall: 0.9643399089529591
F1 score: 0.969859

Accuracy: 0.9950041631973355
Precision: 0.9709035222052067
Recall: 0.9738863287250384
F1 score: 0.972393

