Accuracy: 0.9977994201174634
Precision: 0.9852600198741305
Recall: 0.9901797603195739
F1 score: 0.987714

Accuracy: 0.9956977309000069
Precision: 0.9737434358589647
Recall: 0.979622641509434
F1 score: 0.976674

Accuracy: 0.994518456841521
Precision: 0.9579111457521434
Recall: 0.9800637958532695
F1 score: 0.968861

