Accuracy: 0.9971451936658985
Precision: 0.983155436957972
Recall: 0.9847978616772469
F1 score: 0.983976

Accuracy: 0.9949344250919436
Precision: 0.9731225296442688
Recall: 0.9692913385826771
F1 score: 0.971203

Accuracy: 0.9939633638634471
Precision: 0.9648729446935725
Recall: 0.9699474079639369
F1 score: 0.967404

