Accuracy: 0.9961043360433605
Precision: 0.9786641037962518
Recall: 0.9969649500685334
F1 score: 0.987730

Accuracy: 0.9945386605346364
Precision: 0.9745042492917847
Recall: 0.9894534995206136
F1 score: 0.981922

Accuracy: 0.995113889487677
Precision: 0.9785522788203753
Recall: 0.9909502262443439
F1 score: 0.984712

