Accuracy: 0.9969816370530072
Precision: 0.9819834710743801
Recall: 0.9844241922120961
F1 score: 0.983202

Accuracy: 0.993615987787107
Precision: 0.965143299767622
Recall: 0.9636504253673627
F1 score: 0.964396

Accuracy: 0.9941715237302248
Precision: 0.9666401906274821
Recall: 0.9666401906274821
F1 score: 0.966640

