Accuracy: 0.9969370307040368
Precision: 0.9784362139917695
Recall: 0.987539458381791
F1 score: 0.982967

Accuracy: 0.9941711192838804
Precision: 0.9568627450980393
Recall: 0.9767814251401121
F1 score: 0.966719

Accuracy: 0.9942409103524841
Precision: 0.9667673716012085
Recall: 0.9704321455648218
F1 score: 0.968596

