Accuracy: 0.9960449037246302
Precision: 0.97189811010682
Recall: 0.9841903810950241
F1 score: 0.978006

Accuracy: 0.9945874679064604
Precision: 0.9652103559870551
Recall: 0.9714983713355049
F1 score: 0.968344

Accuracy: 0.9934776575076325
Precision: 0.9583941605839416
Recall: 0.9725925925925926
F1 score: 0.965441

