Accuracy: 0.9900808107571041
Precision: 0.9619897084048027
Recall: 0.9968007962462676
F1 score: 0.979086

Accuracy: 0.9877907426010355
Precision: 0.9575699132111861
Recall: 0.9913477537437604
F1 score: 0.974166

Accuracy: 0.9905718701700155
Precision: 0.9665024630541872
Recall: 0.9932500843739454
F1 score: 0.979694

