Accuracy: 0.9979679620290715
Precision: 0.9909529553679132
Recall: 0.9816769567815177
F1 score: 0.986293

Accuracy: 0.9948778293071225
Precision: 0.9770773638968482
Recall: 0.9534016775396086
F1 score: 0.965094

Accuracy: 0.9954315774901363
Precision: 0.9842592592592593
Recall: 0.9559352517985612
F1 score: 0.969891

