Accuracy: 0.9932230802523976
Precision: 0.9761599119750596
Recall: 0.969492760222202
F1 score: 0.972815

Accuracy: 0.9887317954714574
Precision: 0.9655932951036612
Recall: 0.9423159707275075
F1 score: 0.953813

Accuracy: 0.9890507069203784
Precision: 0.9637262984336357
Recall: 0.9519543973941368
F1 score: 0.957804

