Accuracy: 0.9821294334722886
Precision: 0.937465463252901
Recall: 0.9195952660583612
F1 score: 0.928444

Accuracy: 0.9798022749016689
Precision: 0.9242294520547946
Recall: 0.9140558848433531
F1 score: 0.919115

Accuracy: 0.9782608695652174
Precision: 0.9217926186291739
Recall: 0.9008158007728639
F1 score: 0.911183

