Accuracy: 0.9962718446601941
Precision: 0.9766218585622443
Recall: 0.9812096300645919
F1 score: 0.978910

Accuracy: 0.991784462969675
Precision: 0.946524064171123
Recall: 0.9619565217391305
F1 score: 0.954178

Accuracy: 0.9914220128065724
Precision: 0.9477401129943502
Recall: 0.9517730496453901
F1 score: 0.949752

