Accuracy: 0.9884789644012945
Precision: 0.9478155339805825
Recall: 0.9196349720341478
F1 score: 0.933513

Accuracy: 0.9864685272441706
Precision: 0.9352617079889807
Recall: 0.9126344086021505
F1 score: 0.923810

Accuracy: 0.9857436269179655
Precision: 0.9224137931034483
Recall: 0.9093484419263456
F1 score: 0.915835

