Accuracy: 0.9870032362459547
Precision: 0.9489281210592686
Recall: 0.8985074626865671
F1 score: 0.923030

Accuracy: 0.9819983085659055
Precision: 0.9306666666666666
Recall: 0.8779874213836478
F1 score: 0.903560

Accuracy: 0.9813942249607346
Precision: 0.9321766561514195
Recall: 0.8418803418803419
F1 score: 0.884731

