Accuracy: 0.9264606606998976
Precision: 0.7276600644864117
Recall: 0.5901195367949197
F1 score: 0.651712

Accuracy: 0.9256135358975662
Precision: 0.7288418708240535
Recall: 0.5726159230096238
F1 score: 0.641352

Accuracy: 0.9246443089430895
Precision: 0.7046738572162301
Recall: 0.6017543859649123
F1 score: 0.649160

