Accuracy: 0.9765867418899858
Precision: 0.995085995085995
Recall: 0.7117750439367311
F1 score: 0.829918

Accuracy: 0.9756578947368421
Precision: 0.98989898989899
Recall: 0.7313432835820896
F1 score: 0.841202

Accuracy: 0.9756418696510862
Precision: 0.9759036144578314
Recall: 0.6982758620689655
F1 score: 0.814070

