Accuracy: 0.9978440264664338
Precision: 0.9873694846749748
Recall: 0.9882015843586718
F1 score: 0.987785

Accuracy: 0.9937547706613004
Precision: 0.9770879526977088
Recall: 0.9572773352643013
F1 score: 0.967081

Accuracy: 0.9950735498195947
Precision: 0.9785031847133758
Recall: 0.9654359780047133
F1 score: 0.971926

