Accuracy: 0.9977696825514831
Precision: 0.9868508655126498
Recall: 0.9881666666666666
F1 score: 0.987508

Accuracy: 0.9955589480258136
Precision: 0.9836575875486381
Recall: 0.9671002295332823
F1 score: 0.975309

Accuracy: 0.9954204829308909
Precision: 0.97421875
Recall: 0.97421875
F1 score: 0.974219

