Accuracy: 0.9970559809679578
Precision: 0.9836366672232426
Recall: 0.9833082957769989
F1 score: 0.983472

Accuracy: 0.9945874679064604
Precision: 0.9679633867276888
Recall: 0.9724137931034482
F1 score: 0.970183

Accuracy: 0.9925756314182625
Precision: 0.9610591900311527
Recall: 0.9558481797056545
F1 score: 0.958447

