Accuracy: 0.9972790127128095
Precision: 0.9783985707324996
Recall: 0.991768192295028
F1 score: 0.985038

Accuracy: 0.9952119908403303
Precision: 0.9673566878980892
Recall: 0.9774738535800482
F1 score: 0.972389

Accuracy: 0.9946572300860395
Precision: 0.9649259547934529
Recall: 0.9748031496062992
F1 score: 0.969839

