Accuracy: 0.996951899487027
Precision: 0.9777777777777777
Recall: 0.9886006938708078
F1 score: 0.983159

Accuracy: 0.994656859343557
Precision: 0.9701046337817638
Recall: 0.9722846441947566
F1 score: 0.971193

Accuracy: 0.9947960033305578
Precision: 0.9691151919866444
Recall: 0.9683069224353628
F1 score: 0.968711

