Accuracy: 0.9975763883726118
Precision: 0.9831442463533225
Recall: 0.9903673469387755
F1 score: 0.986743

Accuracy: 0.9954201651516202
Precision: 0.9647335423197492
Recall: 0.9832268370607029
F1 score: 0.973892

Accuracy: 0.9948653899528171
Precision: 0.961038961038961
Recall: 0.9785123966942149
F1 score: 0.969697

