Accuracy: 0.9980967957772656
Precision: 0.9885076342144147
Recall: 0.9904589570653068
F1 score: 0.989482

Accuracy: 0.9961834709596836
Precision: 0.9779591836734693
Recall: 0.9771615008156607
F1 score: 0.977560

Accuracy: 0.9964612822647794
Precision: 0.9767621998450813
Recall: 0.983619344773791
F1 score: 0.980179

