Accuracy: 0.9976061259385919
Precision: 0.9823257350512058
Recall: 0.9910014997500417
F1 score: 0.986645

Accuracy: 0.9956977309000069
Precision: 0.969558599695586
Recall: 0.9830246913580247
F1 score: 0.976245

Accuracy: 0.995142936441854
Precision: 0.9750778816199377
Recall: 0.9705426356589147
F1 score: 0.972805

