Accuracy: 0.9973384878447699
Precision: 0.985812051410449
Recall: 0.9843333333333333
F1 score: 0.985072

Accuracy: 0.9942405107209771
Precision: 0.972263868065967
Recall: 0.9657483246463142
F1 score: 0.968995

Accuracy: 0.9947960033305578
Precision: 0.9702333065164923
Recall: 0.9694533762057878
F1 score: 0.969843

