Accuracy: 0.9970262434019775
Precision: 0.9828104138851802
Recall: 0.9837955228867357
F1 score: 0.983303

Accuracy: 0.9938935535354937
Precision: 0.9667182662538699
Recall: 0.9652241112828439
F1 score: 0.965971

Accuracy: 0.9947960033305578
Precision: 0.9745762711864406
Recall: 0.9678653404743688
F1 score: 0.971209

