Accuracy: 0.9974277005427106
Precision: 0.9824270557029178
Recall: 0.9888202903387285
F1 score: 0.985613

Accuracy: 0.9943099021580737
Precision: 0.9596899224806201
Recall: 0.9763406940063092
F1 score: 0.967944

Accuracy: 0.9948653899528171
Precision: 0.968562874251497
Recall: 0.975867269984917
F1 score: 0.972201

