Accuracy: 0.9982752211731469
Precision: 0.9883411059293804
Recall: 0.9923076923076923
F1 score: 0.990320

Accuracy: 0.9947262507806537
Precision: 0.9676425269645609
Recall: 0.9736434108527132
F1 score: 0.970634

Accuracy: 0.9943102969747433
Precision: 0.9702970297029703
Recall: 0.9673500379650721
F1 score: 0.968821

