Accuracy: 0.9918667757044086
Precision: 0.9659148719687977
Recall: 0.9427341939755048
F1 score: 0.954184

Accuracy: 0.9900076330580806
Precision: 0.9551386623164764
Recall: 0.9293650793650794
F1 score: 0.942076

Accuracy: 0.9888981404385234
Precision: 0.9699248120300752
Recall: 0.9035019455252918
F1 score: 0.935536

