Accuracy: 0.9971154560999183
Precision: 0.9811666666666666
Recall: 0.9864276139410187
F1 score: 0.983790

Accuracy: 0.9954201651516202
Precision: 0.9724907063197026
Recall: 0.9783096484667165
F1 score: 0.975391

Accuracy: 0.9940327504857064
Precision: 0.9628482972136223
Recall: 0.9703588143525741
F1 score: 0.966589

