Accuracy: 0.9970559809679578
Precision: 0.9792289797274842
Recall: 0.9877639959772042
F1 score: 0.983478

Accuracy: 0.995489556588717
Precision: 0.9677165354330709
Recall: 0.9808459696727854
F1 score: 0.974237

Accuracy: 0.9936858173744102
Precision: 0.9643636363636363
Recall: 0.9692982456140351
F1 score: 0.966825

