Accuracy: 0.9973830941937403
Precision: 0.9819983484723369
Recall: 0.9888574754698154
F1 score: 0.985416

Accuracy: 0.9941711192838804
Precision: 0.9647251845775225
Recall: 0.9663105998356615
F1 score: 0.965517

Accuracy: 0.9937552039966694
Precision: 0.9647835656639765
Recall: 0.9690493736182756
F1 score: 0.966912

