Accuracy: 0.9975615195896216
Precision: 0.981942818926601
Recall: 0.9905548996458088
F1 score: 0.986230

Accuracy: 0.9956977309000069
Precision: 0.9745508982035929
Recall: 0.9789473684210527
F1 score: 0.976744

Accuracy: 0.9944490702192618
Precision: 0.9629080118694362
Recall: 0.9774096385542169
F1 score: 0.970105

