Accuracy: 0.9976804698535425
Precision: 0.9801280998521925
Recall: 0.9941695818757288
F1 score: 0.987099

Accuracy: 0.9955589480258136
Precision: 0.968798751950078
Recall: 0.981042654028436
F1 score: 0.974882

Accuracy: 0.994518456841521
Precision: 0.9654395191585274
Recall: 0.9749620637329287
F1 score: 0.970177

