Accuracy: 0.9995093301613263
Precision: 0.9962233169129721
Recall: 0.9983544512094784
F1 score: 0.997288

Accuracy: 0.9964610367080702
Precision: 0.9686028257456829
Recall: 0.9911646586345382
F1 score: 0.979754

Accuracy: 0.9971551484873716
Precision: 0.9744186046511628
Recall: 0.9936758893280633
F1 score: 0.983953

