Accuracy: 0.9953906772730652
Precision: 0.9590652699435939
Recall: 0.9906775428666555
F1 score: 0.974615

Accuracy: 0.9910485046145305
Precision: 0.9259259259259259
Recall: 0.9792626728110599
F1 score: 0.951848

Accuracy: 0.9928531779072994
Precision: 0.9381058911260254
Recall: 0.9843505477308294
F1 score: 0.960672

