Accuracy: 0.9976507322875623
Precision: 0.9830004951312098
Recall: 0.9908501081350857
F1 score: 0.986910

Accuracy: 0.9947956422177503
Precision: 0.9683885890516577
Recall: 0.9736434108527132
F1 score: 0.971009

Accuracy: 0.9943796835970025
Precision: 0.9659706109822119
Recall: 0.9712286158631416
F1 score: 0.968592

