Accuracy: 0.9982289982289982
Precision: 0.9908702408702409
Recall: 0.9979458084710946
F1 score: 0.994395

Accuracy: 0.9967658473479948
Precision: 0.9901083372585964
Recall: 0.9887111947318908
F1 score: 0.989409

Accuracy: 0.9960474308300395
Precision: 0.9902052238805971
Recall: 0.9842373667130273
F1 score: 0.987212

