Accuracy: 0.9978142889004535
Precision: 0.9838893409275834
Recall: 0.9921234000656384
F1 score: 0.987989

Accuracy: 0.9952119908403303
Precision: 0.9669148056244831
Recall: 0.9757929883138564
F1 score: 0.971334

Accuracy: 0.994518456841521
Precision: 0.9641221374045802
Recall: 0.9752895752895753
F1 score: 0.969674

