Accuracy: 0.9977399449855029
Precision: 0.9842338643455412
Recall: 0.9907422714498264
F1 score: 0.987477

Accuracy: 0.9957671223371036
Precision: 0.9748427672955975
Recall: 0.9771473601260835
F1 score: 0.975994

Accuracy: 0.9952123230641132
Precision: 0.9716981132075472
Recall: 0.9739952718676123
F1 score: 0.972845

