Accuracy: 0.997487175674671
Precision: 0.9824503311258278
Recall: 0.9894947473736868
F1 score: 0.985960

Accuracy: 0.994656859343557
Precision: 0.9709677419354839
Recall: 0.9670682730923694
F1 score: 0.969014

Accuracy: 0.9941021371079656
Precision: 0.9639175257731959
Recall: 0.9732342007434944
F1 score: 0.968553

