Accuracy: 0.9973236190617798
Precision: 0.9794238683127572
Recall: 0.9908409658617818
F1 score: 0.985099

Accuracy: 0.993615987787107
Precision: 0.9626749611197511
Recall: 0.9656786271450858
F1 score: 0.964174

Accuracy: 0.9956286427976686
Precision: 0.9646882043576258
Recall: 0.9876923076923076
F1 score: 0.976055

