Accuracy: 0.9976953386365326
Precision: 0.9843182568504457
Recall: 0.9900381869500249
F1 score: 0.987170

Accuracy: 0.9960446880854903
Precision: 0.9782608695652174
Recall: 0.9759036144578314
F1 score: 0.977081

Accuracy: 0.9942409103524841
Precision: 0.9688922610015175
Recall: 0.9681576952236542
F1 score: 0.968525

