Accuracy: 0.9971451936658985
Precision: 0.9764744864148442
Recall: 0.9915881561238223
F1 score: 0.983973

Accuracy: 0.9937547706613004
Precision: 0.9545126353790614
Recall: 0.9799851742031134
F1 score: 0.967081

Accuracy: 0.9938245906189287
Precision: 0.9574791192103265
Recall: 0.9744976816074189
F1 score: 0.965913

