Accuracy: 0.9977548137684931
Precision: 0.9839457133399536
Recall: 0.9909984997499584
F1 score: 0.987460

Accuracy: 0.994448685032267
Precision: 0.9686028257456829
Recall: 0.9686028257456829
F1 score: 0.968603

Accuracy: 0.9943796835970025
Precision: 0.9590469099032017
Recall: 0.9802130898021308
F1 score: 0.969514

