Accuracy: 0.9975020444576611
Precision: 0.9840610991200398
Recall: 0.9879979996666111
F1 score: 0.986026

Accuracy: 0.994656859343557
Precision: 0.9708201892744479
Recall: 0.96852871754524
F1 score: 0.969673

Accuracy: 0.9952123230641132
Precision: 0.9734446130500759
Recall: 0.9741837509491268
F1 score: 0.973814

