Accuracy: 0.9973087502787897
Precision: 0.9846230987798763
Recall: 0.9851170568561873
F1 score: 0.984870

Accuracy: 0.994448685032267
Precision: 0.9664889565879665
Recall: 0.9724137931034482
F1 score: 0.969442

Accuracy: 0.9943796835970025
Precision: 0.9743589743589743
Recall: 0.9631336405529954
F1 score: 0.968714

