Accuracy: 0.9974277005427106
Precision: 0.9812541473125415
Recall: 0.9899581589958159
F1 score: 0.985587

Accuracy: 0.9951425994032337
Precision: 0.9678624813153961
Recall: 0.9795763993948563
F1 score: 0.973684

Accuracy: 0.9941715237302248
Precision: 0.9596036585365854
Recall: 0.975968992248062
F1 score: 0.967717

