Accuracy: 0.9971201971201972
Precision: 0.9825233186057928
Recall: 0.9991014376996805
F1 score: 0.990743

Accuracy: 0.9940347851085238
Precision: 0.9726443768996961
Recall: 0.9911504424778761
F1 score: 0.981810

Accuracy: 0.9946101329500538
Precision: 0.9744605900484368
Recall: 0.9923766816143498
F1 score: 0.983337

