Accuracy: 0.9976507322875623
Precision: 0.9835438829787234
Recall: 0.9901271753681392
F1 score: 0.986825

Accuracy: 0.9945180764693636
Precision: 0.9677914110429447
Recall: 0.9715165511932256
F1 score: 0.969650

Accuracy: 0.9950041631973355
Precision: 0.9668674698795181
Recall: 0.9786585365853658
F1 score: 0.972727

