Accuracy: 0.9971303248829083
Precision: 0.97938654353562
Recall: 0.9886798734809389
F1 score: 0.984011

Accuracy: 0.994656859343557
Precision: 0.9643705463182898
Recall: 0.9744
F1 score: 0.969359

Accuracy: 0.9940327504857064
Precision: 0.9634873323397913
Recall: 0.9721804511278196
F1 score: 0.967814

