Accuracy: 0.9976804698535425
Precision: 0.9840452052517866
Recall: 0.9899682327370005
F1 score: 0.986998

Accuracy: 0.9945874679064604
Precision: 0.9688922610015175
Recall: 0.971841704718417
F1 score: 0.970365

Accuracy: 0.9947960033305578
Precision: 0.9706109822119103
Recall: 0.9713622291021672
F1 score: 0.970986

