Accuracy: 0.9992714296334845
Precision: 0.9957293035479632
Recall: 0.9962202136400986
F1 score: 0.995975

Accuracy: 0.9963916452709736
Precision: 0.9877350776778414
Recall: 0.970281124497992
F1 score: 0.978930

Accuracy: 0.9966694421315571
Precision: 0.9926650366748166
Recall: 0.9689737470167065
F1 score: 0.980676

