Accuracy: 0.995881626169324
Precision: 0.967881408276714
Recall: 0.9886435331230284
F1 score: 0.978152

Accuracy: 0.9876475432335987
Precision: 0.9221183800623053
Recall: 0.9367088607594937
F1 score: 0.929356

Accuracy: 0.9881933003844042
Precision: 0.9166666666666666
Recall: 0.9579579579579579
F1 score: 0.936858

