Accuracy: 0.9986078886310905
Precision: 0.9937106918238994
Recall: 0.9912170639899623
F1 score: 0.992462

Accuracy: 0.9810606060606061
Precision: 0.9358974358974359
Recall: 0.8538011695906432
F1 score: 0.892966

Accuracy: 0.981591770438549
Precision: 0.9289940828402367
Recall: 0.8770949720670391
F1 score: 0.902299

