Accuracy: 0.9993936637865697
Precision: 0.9935691318327974
Recall: 1.0
F1 score: 0.996774

Accuracy: 0.9759377211606511
Precision: 0.8691588785046729
Recall: 0.8230088495575221
F1 score: 0.845455

Accuracy: 0.9745403111739745
Precision: 0.9029850746268657
Recall: 0.8402777777777778
F1 score: 0.870504

