Accuracy: 0.9966693926102148
Precision: 0.9788219722038385
Recall: 0.9840319361277445
F1 score: 0.981420

Accuracy: 0.9943099021580737
Precision: 0.9688230709275136
Recall: 0.9673151750972763
F1 score: 0.968069

Accuracy: 0.9943102969747433
Precision: 0.9696734059097978
Recall: 0.9666666666666667
F1 score: 0.968168

