Accuracy: 0.9975466508066315
Precision: 0.9832319579155022
Recall: 0.9895764394440768
F1 score: 0.986394

Accuracy: 0.9945180764693636
Precision: 0.9687743950039032
Recall: 0.96953125
F1 score: 0.969153

Accuracy: 0.9941715237302248
Precision: 0.961628817541112
Recall: 0.9722882026920031
F1 score: 0.966929

