Accuracy: 0.9978142889004535
Precision: 0.9849012775842044
Recall: 0.9906542056074766
F1 score: 0.987769

Accuracy: 0.9954201651516202
Precision: 0.9711538461538461
Recall: 0.9798507462686568
F1 score: 0.975483

Accuracy: 0.9950735498195947
Precision: 0.9661417322834646
Recall: 0.9776892430278884
F1 score: 0.971881

