Accuracy: 0.9977994201174634
Precision: 0.9828013891185712
Recall: 0.9926507432771003
F1 score: 0.987702

Accuracy: 0.9941017278467837
Precision: 0.967766692248657
Recall: 0.9670245398773006
F1 score: 0.967395

Accuracy: 0.9957674160421871
Precision: 0.9731800766283525
Recall: 0.9799382716049383
F1 score: 0.976547

