Accuracy: 0.9978737640324139
Precision: 0.9823539204261694
Recall: 0.9937689457729876
F1 score: 0.988028

Accuracy: 0.9954201651516202
Precision: 0.9731182795698925
Recall: 0.9761171032357473
F1 score: 0.974615

Accuracy: 0.9947960033305578
Precision: 0.9684287812041116
Recall: 0.9763138415988157
F1 score: 0.972355

