Accuracy: 0.9978142889004535
Precision: 0.9870539419087137
Recall: 0.988530585106383
F1 score: 0.987792

Accuracy: 0.9953507737145236
Precision: 0.9750378214826021
Recall: 0.9743008314436886
F1 score: 0.974669

Accuracy: 0.995142936441854
Precision: 0.9742351046698873
Recall: 0.969551282051282
F1 score: 0.971888

