Accuracy: 0.997219537580849
Precision: 0.9828504828504828
Recall: 0.9859696008017371
F1 score: 0.984408

Accuracy: 0.9941017278467837
Precision: 0.9615384615384616
Recall: 0.974025974025974
F1 score: 0.967742

Accuracy: 0.9942409103524841
Precision: 0.9555052790346908
Recall: 0.981409759876065
F1 score: 0.968284

