Accuracy: 0.995762396847818
Precision: 0.9837755619401723
Recall: 0.9685524126455907
F1 score: 0.976105

Accuracy: 0.9920893761709805
Precision: 0.973621103117506
Recall: 0.9376443418013857
F1 score: 0.955294

Accuracy: 0.9926450180405217
Precision: 0.9680511182108626
Recall: 0.9483568075117371
F1 score: 0.958103

