Accuracy: 0.9952122518771839
Precision: 0.9827819041188386
Recall: 0.9635882158225753
F1 score: 0.973090

Accuracy: 0.9916036361113039
Precision: 0.9648
Recall: 0.9399844115354637
F1 score: 0.952231

Accuracy: 0.9919511518179295
Precision: 0.9620967741935483
Recall: 0.945324881141046
F1 score: 0.953637

