Accuracy: 0.15639627987188962
Precision: 0.15639627987188962
Recall: 1.0
F1 score: 0.270489

Accuracy: 0.15363610232825525
Precision: 0.15363610232825525
Recall: 1.0
F1 score: 0.266351

Accuracy: 0.15915786448228786
Precision: 0.15915786448228786
Recall: 1.0
F1 score: 0.274609

