Accuracy: 0.9979778455133448
Precision: 0.9869140301474242
Recall: 0.9905236907730673
F1 score: 0.988716

Accuracy: 0.9947956422177503
Precision: 0.9658650116369278
Recall: 0.975705329153605
F1 score: 0.970760

Accuracy: 0.9945878434637802
Precision: 0.9706336939721792
Recall: 0.9691358024691358
F1 score: 0.969884

