Accuracy: 0.9982603523901569
Precision: 0.9896008050989601
Recall: 0.9907640638119227
F1 score: 0.990182

Accuracy: 0.9954201651516202
Precision: 0.9728892331525949
Recall: 0.9759129759129759
F1 score: 0.974399

Accuracy: 0.9966694421315571
Precision: 0.9828741623231572
Recall: 0.9814126394052045
F1 score: 0.982143

