Accuracy: 0.9970411121849677
Precision: 0.9785842733366029
Recall: 0.9887677568549719
F1 score: 0.983650

Accuracy: 0.994032336409687
Precision: 0.9626984126984127
Recall: 0.9688498402555911
F1 score: 0.965764

Accuracy: 0.9944490702192618
Precision: 0.9608595548733692
Recall: 0.9773614363778298
F1 score: 0.969040

