Accuracy: 0.9977548137684931
Precision: 0.9849037823490379
Recall: 0.9899949974987494
F1 score: 0.987443

Accuracy: 0.9947956422177503
Precision: 0.9670811997073885
Recall: 0.977810650887574
F1 score: 0.972416

Accuracy: 0.9954898695531501
Precision: 0.9665871121718377
Recall: 0.981421647819063
F1 score: 0.973948

