Accuracy: 0.9974723068916809
Precision: 0.9815455594002307
Recall: 0.9903574397339984
F1 score: 0.985932

Accuracy: 0.9945874679064604
Precision: 0.9619047619047619
Recall: 0.9805825242718447
F1 score: 0.971154

Accuracy: 0.9946572300860395
Precision: 0.9668820678513732
Recall: 0.9708029197080292
F1 score: 0.968839

