Accuracy: 0.9976953386365326
Precision: 0.9818241903502974
Recall: 0.9924837147152163
F1 score: 0.987125

Accuracy: 0.9956283394629103
Precision: 0.974477958236659
Recall: 0.9767441860465116
F1 score: 0.975610

Accuracy: 0.9954204829308909
Precision: 0.9697885196374623
Recall: 0.9801526717557252
F1 score: 0.974943

