Accuracy: 0.9983198275221173
Precision: 0.9874566760191451
Recall: 0.9938538205980066
F1 score: 0.990645

Accuracy: 0.995489556588717
Precision: 0.9679389312977099
Recall: 0.9821843532145623
F1 score: 0.975010

Accuracy: 0.9952817096863724
Precision: 0.9646153846153847
Recall: 0.9827586206896551
F1 score: 0.973602

