Accuracy: 0.9965355735633038
Precision: 0.9769409422694094
Recall: 0.9842888183185693
F1 score: 0.980601

Accuracy: 0.9945180764693636
Precision: 0.9655442443226312
Recall: 0.972397476340694
F1 score: 0.968959

Accuracy: 0.9936858173744102
Precision: 0.9580573951434879
Recall: 0.9745508982035929
F1 score: 0.966234

