Accuracy: 0.9978142889004535
Precision: 0.9843441001977588
Recall: 0.9913692946058091
F1 score: 0.987844

Accuracy: 0.9949344250919436
Precision: 0.9699074074074074
Recall: 0.9736638264910922
F1 score: 0.971782

Accuracy: 0.9954204829308909
Precision: 0.9770387965162312
Recall: 0.970889063729347
F1 score: 0.973954

