Accuracy: 0.9973979629767303
Precision: 0.982859044766184
Recall: 0.9879558380729341
F1 score: 0.985401

Accuracy: 0.9960446880854903
Precision: 0.9758125472411187
Recall: 0.9810030395136778
F1 score: 0.978401

Accuracy: 0.995142936441854
Precision: 0.9729311678267595
Recall: 0.9729311678267595
F1 score: 0.972931

