Accuracy: 0.9972344063638391
Precision: 0.9804244119098536
Recall: 0.9888833582213373
F1 score: 0.984636

Accuracy: 0.994656859343557
Precision: 0.970889063729347
Recall: 0.9686028257456829
F1 score: 0.969745

Accuracy: 0.9941715237302248
Precision: 0.964451313755796
Recall: 0.9704510108864697
F1 score: 0.967442

