Accuracy: 0.08547249647390691
Precision: 0.08223637650389243
Recall: 1.0
F1 score: 0.151975

Accuracy: 0.08223684210526316
Precision: 0.0785997357992074
Recall: 1.0
F1 score: 0.145744

Accuracy: 0.08097432521395655
Precision: 0.07854785478547854
Recall: 1.0
F1 score: 0.145655

