Accuracy: 0.972968552523976
Precision: 0.9060570987654321
Recall: 0.7791970802919708
F1 score: 0.837852

Accuracy: 0.9716189022274652
Precision: 0.8945969884853853
Recall: 0.7769230769230769
F1 score: 0.831618

Accuracy: 0.9687760199833472
Precision: 0.8769804287045666
Recall: 0.7474185861795075
F1 score: 0.807033

