Accuracy: 0.9827670805144599
Precision: 0.9375224416517056
Recall: 0.8655726835736781
F1 score: 0.900112

Accuracy: 0.9809867462355145
Precision: 0.9266503667481663
Recall: 0.8607115821347464
F1 score: 0.892465

Accuracy: 0.9799472661670829
Precision: 0.9097222222222222
Recall: 0.8499594484995945
F1 score: 0.878826

