Accuracy: 0.9268090614886731
Precision: 0.6905080213903744
Recall: 0.3040918457462467
F1 score: 0.422236

Accuracy: 0.9271475172163828
Precision: 0.6869009584664537
Recall: 0.2986111111111111
F1 score: 0.416263

Accuracy: 0.9306512021263743
Precision: 0.7516129032258064
Recall: 0.31917808219178084
F1 score: 0.448077

