Accuracy: 0.9751691324065125
Precision: 0.9252501471453797
Recall: 0.7853455453788509
F1 score: 0.849577

Accuracy: 0.9716882936645618
Precision: 0.9148148148148149
Recall: 0.7576687116564417
F1 score: 0.828859

Accuracy: 0.9733555370524563
Precision: 0.9240986717267552
Recall: 0.7621283255086072
F1 score: 0.835334

