Accuracy: 0.951126310311501
Precision: 0.7439239168721381
Recall: 0.6973749380881624
F1 score: 0.719898

Accuracy: 0.9495524252307266
Precision: 0.7015793848711555
Recall: 0.6963696369636964
F1 score: 0.698965

Accuracy: 0.9467110741049126
Precision: 0.7158555729984302
Recall: 0.6919575113808801
F1 score: 0.703704

