Accuracy: 0.892101551480959
Precision: 0.3638968481375358
Recall: 0.44173913043478263
F1 score: 0.399057

Accuracy: 0.8914473684210527
Precision: 0.3522012578616352
Recall: 0.4745762711864407
F1 score: 0.404332

Accuracy: 0.8847926267281107
Precision: 0.34591194968553457
Recall: 0.4365079365079365
F1 score: 0.385965

