Accuracy: 0.9643159379407616
Precision: 0.9366391184573003
Recall: 0.5964912280701754
F1 score: 0.728832

Accuracy: 0.9598684210526316
Precision: 0.8904109589041096
Recall: 0.5508474576271186
F1 score: 0.680628

Accuracy: 0.9657669519420672
Precision: 0.9438202247191011
Recall: 0.6412213740458015
F1 score: 0.763636

