Accuracy: 0.9987914026262494
Precision: 0.9948727510021441
Recall: 0.9947800149142431
F1 score: 0.994826

Accuracy: 0.9948681469437528
Precision: 0.9776805251641137
Recall: 0.978108581436077
F1 score: 0.977895

Accuracy: 0.9939024390243902
Precision: 0.9743135518157662
Recall: 0.9725906277630415
F1 score: 0.973451

