Accuracy: 0.9919588145515843
Precision: 0.961355689052273
Recall: 0.9749931799581704
F1 score: 0.968126

Accuracy: 0.9864462634208568
Precision: 0.9322307382008874
Recall: 0.96371976647206
F1 score: 0.947714

Accuracy: 0.9862868076963963
Precision: 0.9298245614035088
Recall: 0.9636363636363636
F1 score: 0.946429

