Accuracy: 0.9975993016150153
Precision: 0.9816091954022989
Recall: 0.9930232558139535
F1 score: 0.987283

Accuracy: 0.9791242362525459
Precision: 0.88
Recall: 0.9119170984455959
F1 score: 0.895674

Accuracy: 0.9842158859470469
Precision: 0.9086294416243654
Recall: 0.9322916666666666
F1 score: 0.920308

