Accuracy: 0.9993936637865697
Precision: 0.9935379644588045
Recall: 1.0
F1 score: 0.996759

Accuracy: 0.9787685774946921
Precision: 0.9007633587786259
Recall: 0.8740740740740741
F1 score: 0.887218

Accuracy: 0.9773691654879774
Precision: 0.8907563025210085
Recall: 0.848
F1 score: 0.868852

