Accuracy: 0.9977054774371948
Precision: 0.98328173374613
Recall: 0.9925
F1 score: 0.987869

Accuracy: 0.9903925336261323
Precision: 0.9331103678929766
Recall: 0.9489795918367347
F1 score: 0.940978

Accuracy: 0.9939593629873695
Precision: 0.9818181818181818
Recall: 0.9529411764705882
F1 score: 0.967164

