Accuracy: 0.9954798899710059
Precision: 0.9848045074270104
Recall: 0.9640648504094935
F1 score: 0.974324

Accuracy: 0.9925057247935605
Precision: 0.9790491539081386
Recall: 0.9367771781033153
F1 score: 0.957447

Accuracy: 0.9916042187066334
Precision: 0.9821138211382113
Recall: 0.9242540168324407
F1 score: 0.952306

