Accuracy: 0.9933239164374396
Precision: 0.965135769359705
Recall: 0.9598266377729622
F1 score: 0.962474

Accuracy: 0.9915342446742073
Precision: 0.9584313725490196
Recall: 0.9465530596436871
F1 score: 0.952455

Accuracy: 0.9916042187066334
Precision: 0.960093896713615
Recall: 0.9460292983808789
F1 score: 0.953010

