Accuracy: 0.9939335365400342
Precision: 0.9489537095751427
Recall: 0.985836627140975
F1 score: 0.967044

Accuracy: 0.9916730275484005
Precision: 0.9283018867924528
Recall: 0.9800796812749004
F1 score: 0.953488

Accuracy: 0.992436858173744
Precision: 0.9396485867074102
Recall: 0.9761904761904762
F1 score: 0.957571

