Accuracy: 0.9978142889004535
Precision: 0.986299052774019
Recall: 0.9888078684076649
F1 score: 0.987552

Accuracy: 0.9945874679064604
Precision: 0.9740356083086054
Recall: 0.9682890855457227
F1 score: 0.971154

Accuracy: 0.9945878434637802
Precision: 0.9714714714714715
Recall: 0.9700149925037481
F1 score: 0.970743

