Accuracy: 0.9967883428741358
Precision: 0.9779375714986109
Recall: 0.9866446826051113
F1 score: 0.982272

Accuracy: 0.9945874679064604
Precision: 0.9588932806324111
Recall: 0.9790153349475383
F1 score: 0.968850

Accuracy: 0.9948653899528171
Precision: 0.9689681923972071
Recall: 0.9734996102883866
F1 score: 0.971229

