Accuracy: 0.9972492751468293
Precision: 0.9834079973452796
Recall: 0.9858616101131071
F1 score: 0.984633

Accuracy: 0.9939629449725904
Precision: 0.9689681923972071
Recall: 0.9637345679012346
F1 score: 0.966344

Accuracy: 0.9943796835970025
Precision: 0.9701726844583988
Recall: 0.9663799843627834
F1 score: 0.968273

