Accuracy: 0.9976507322875623
Precision: 0.984439662307565
Recall: 0.9893528531026452
F1 score: 0.986890

Accuracy: 0.995073207966137
Precision: 0.9733542319749217
Recall: 0.9710711493354183
F1 score: 0.972211

Accuracy: 0.9954204829308909
Precision: 0.9702062643239114
Recall: 0.9791827293754819
F1 score: 0.974674

