Accuracy: 0.9969708737864078
Precision: 0.9858615611192931
Recall: 0.9798009367681498
F1 score: 0.982822

Accuracy: 0.993717530506222
Precision: 0.9651324965132496
Recall: 0.9624478442280946
F1 score: 0.963788

Accuracy: 0.9915428295276066
Precision: 0.947075208913649
Recall: 0.9550561797752809
F1 score: 0.951049

