Accuracy: 0.9673682771817126
Precision: 0.8803522908273212
Recall: 0.8554260742898762
F1 score: 0.867710

Accuracy: 0.9625279047517806
Precision: 0.8633998265394622
Recall: 0.8362032759344813
F1 score: 0.849584

Accuracy: 0.9623152971191665
Precision: 0.8658854166666666
Recall: 0.8329853862212944
F1 score: 0.849117

