Accuracy: 0.9765129570187113
Precision: 0.9752130131680867
Recall: 0.8244924688932548
F1 score: 0.893542

Accuracy: 0.9641943734015346
Precision: 0.9315589353612167
Recall: 0.7538461538461538
F1 score: 0.833333

Accuracy: 0.9685787358421629
Precision: 0.9431818181818182
Recall: 0.778125
F1 score: 0.852740

