Accuracy: 0.9469919588145516
Precision: 0.8618908600943185
Recall: 0.6915315315315316
F1 score: 0.767370

