Accuracy: 0.9978588952494238
Precision: 0.9847698744769875
Recall: 0.9910729324574701
F1 score: 0.987911

Accuracy: 0.9943099021580737
Precision: 0.9716475095785441
Recall: 0.9657273419649657
F1 score: 0.968678

Accuracy: 0.9950041631973355
Precision: 0.9695619896065331
Recall: 0.9768137621540763
F1 score: 0.973174

