Accuracy: 0.9744753261486103
Precision: 0.9401421724379342
Recall: 0.9242396166979908
F1 score: 0.932123

Accuracy: 0.9674396814242211
Precision: 0.9305818503092264
Recall: 0.8977231218799464
F1 score: 0.913857

Accuracy: 0.9655422815647693
Precision: 0.9239766081871345
Recall: 0.8927650165827294
F1 score: 0.908103

