Accuracy: 0.9559580160526857
Precision: 0.8833324494882537
Recall: 0.8839418382509021
F1 score: 0.883637

Accuracy: 0.9483017100023424
Precision: 0.8700599535054447
Recall: 0.861312984496124
F1 score: 0.865664

Accuracy: 0.9468962286249707
Precision: 0.8621238071935405
Recall: 0.8607548552583364
F1 score: 0.861439

