Accuracy: 0.9475552030679805
Precision: 0.8620717026061648
Recall: 0.8615701932993098
F1 score: 0.861821

Accuracy: 0.9399625204966034
Precision: 0.8456467661691542
Recall: 0.8372121659894102
F1 score: 0.841408

Accuracy: 0.9419536191145468
Precision: 0.8528213359674034
Recall: 0.8430367386793605
F1 score: 0.847901

